data,accuracy,roc_auc,balanced_accuracy,geneset
original,0.6666666666666666,0.2857142857142857,0.42857142857142855,cosmic
original,0.7777777777777778,1.0,0.5,cosmic
original,0.7777777777777778,0.7777777777777778,0.6666666666666666,cosmic
original,0.5555555555555556,0.5,0.4166666666666667,cosmic
original,0.7777777777777778,0.375,0.4375,cosmic
original,0.8888888888888888,0.9285714285714286,0.75,cosmic
original,0.8888888888888888,0.625,0.5,cosmic
original,0.5555555555555556,0.5,0.5,cosmic
original,0.7777777777777778,0.9444444444444445,0.6666666666666666,cosmic
original,0.8888888888888888,0.5714285714285714,0.75,cosmic
original,0.8888888888888888,1.0,0.5,cosmic
original,0.5555555555555556,0.5833333333333333,0.6666666666666666,cosmic
original,0.7777777777777778,0.8055555555555556,0.6666666666666666,cosmic
original,0.8888888888888888,0.5,0.5,cosmic
original,0.6666666666666666,0.6388888888888888,0.5,cosmic
original,0.8888888888888888,1.0,0.5,cosmic
original,0.7777777777777778,0.875,0.4375,cosmic
original,0.8888888888888888,0.7857142857142857,0.75,cosmic
original,0.6666666666666666,0.6749999999999999,0.625,cosmic
original,0.8888888888888888,0.625,0.5,cosmic
original,0.5555555555555556,0.7500000000000001,0.6,cosmic
original,0.8888888888888888,0.8571428571428572,0.75,cosmic
original,0.6666666666666666,0.5,0.5,cosmic
original,0.6666666666666666,0.9,0.675,cosmic
original,0.7777777777777778,0.32142857142857145,0.5,cosmic
permutation 0,0.5555555555555556,0.625,0.6,cosmic
permutation 0,0.7777777777777778,0.8055555555555556,0.75,cosmic
permutation 0,0.7777777777777778,0.611111111111111,0.6666666666666666,cosmic
permutation 0,0.6666666666666666,0.8571428571428572,0.42857142857142855,cosmic
permutation 0,0.5555555555555556,0.5555555555555556,0.4166666666666667,cosmic
permutation 0,0.7777777777777778,1.0,0.5,cosmic
permutation 0,0.6666666666666666,0.6666666666666667,0.5833333333333334,cosmic
permutation 0,0.6666666666666666,0.25,0.375,cosmic
permutation 0,0.5555555555555556,0.16666666666666666,0.4166666666666667,cosmic
permutation 0,0.7777777777777778,0.5625,0.4375,cosmic
permutation 0,0.6666666666666666,0.35714285714285715,0.42857142857142855,cosmic
permutation 0,0.3333333333333333,0.1875,0.1875,cosmic
permutation 0,0.7777777777777778,0.875,0.4375,cosmic
permutation 0,0.5555555555555556,0.7,0.5,cosmic
permutation 0,0.6666666666666666,0.375,0.375,cosmic
permutation 0,0.6666666666666666,0.611111111111111,0.5,cosmic
permutation 0,0.5555555555555556,0.7222222222222223,0.4166666666666667,cosmic
permutation 0,0.7777777777777778,0.625,0.4375,cosmic
permutation 0,0.7777777777777778,1.0,0.6666666666666666,cosmic
permutation 0,0.5555555555555556,0.8,0.5,cosmic
permutation 0,0.6666666666666666,0.638888888888889,0.5,cosmic
permutation 0,0.7777777777777778,0.7857142857142857,0.5,cosmic
permutation 0,0.6666666666666666,0.8571428571428572,0.6071428571428572,cosmic
permutation 0,0.7777777777777778,0.75,0.4375,cosmic
permutation 0,0.5555555555555556,0.4999999999999999,0.4166666666666667,cosmic
permutation 1,0.5555555555555556,0.5,0.5,cosmic
permutation 1,0.6666666666666666,0.3333333333333333,0.5,cosmic
permutation 1,0.7777777777777778,0.375,0.4375,cosmic
permutation 1,0.6666666666666666,0.5833333333333334,0.5,cosmic
permutation 1,0.8888888888888888,0.9375,0.9375,cosmic
permutation 1,0.5555555555555556,0.4285714285714286,0.5357142857142857,cosmic
permutation 1,0.5555555555555556,0.0625,0.3125,cosmic
permutation 1,0.4444444444444444,0.27777777777777773,0.3333333333333333,cosmic
permutation 1,0.6666666666666666,0.75,0.375,cosmic
permutation 1,0.7777777777777778,0.875,0.875,cosmic
permutation 1,0.5555555555555556,0.8611111111111113,0.6666666666666666,cosmic
permutation 1,0.5555555555555556,0.5357142857142857,0.5357142857142857,cosmic
permutation 1,0.6666666666666666,0.5833333333333334,0.5,cosmic
permutation 1,0.6666666666666666,0.0,0.375,cosmic
permutation 1,0.6666666666666666,0.49999999999999994,0.5,cosmic
permutation 1,0.6666666666666666,0.5,0.42857142857142855,cosmic
permutation 1,0.8888888888888888,0.5,0.5,cosmic
permutation 1,0.5555555555555556,0.125,0.3125,cosmic
permutation 1,0.4444444444444444,0.4,0.4,cosmic
permutation 1,0.8888888888888888,0.5625,0.5,cosmic
permutation 1,0.6666666666666666,0.5,0.5,cosmic
permutation 1,0.6666666666666666,0.16666666666666666,0.5,cosmic
permutation 1,0.7777777777777778,0.1428571428571429,0.5,cosmic
permutation 1,0.6666666666666666,0.6875,0.375,cosmic
permutation 1,0.7777777777777778,0.1428571428571429,0.5,cosmic
permutation 2,0.7777777777777778,0.7142857142857143,0.5,cosmic
permutation 2,0.7777777777777778,0.35714285714285715,0.5,cosmic
permutation 2,0.6666666666666666,0.875,0.625,cosmic
permutation 2,0.5555555555555556,0.55,0.6,cosmic
permutation 2,0.4444444444444444,0.44999999999999996,0.45,cosmic
permutation 2,0.6666666666666666,0.5833333333333333,0.5833333333333334,cosmic
permutation 2,0.6666666666666666,0.28571428571428575,0.42857142857142855,cosmic
permutation 2,0.5555555555555556,0.15,0.5,cosmic
permutation 2,0.5555555555555556,0.8,0.5,cosmic
permutation 2,0.5555555555555556,0.14999999999999997,0.5,cosmic
permutation 2,0.6666666666666666,0.5,0.625,cosmic
permutation 2,0.6666666666666666,0.6875,0.8125,cosmic
permutation 2,0.8888888888888888,0.5,0.5,cosmic
permutation 2,0.8888888888888888,0.8333333333333334,0.8333333333333333,cosmic
permutation 2,0.5555555555555556,0.38888888888888884,0.4166666666666667,cosmic
permutation 2,0.6666666666666666,0.7222222222222222,0.5,cosmic
permutation 2,0.6666666666666666,0.75,0.6666666666666666,cosmic
permutation 2,0.6666666666666666,0.8,0.625,cosmic
permutation 2,0.5555555555555556,0.7142857142857143,0.7142857142857143,cosmic
permutation 2,0.5555555555555556,0.5,0.5,cosmic
permutation 2,0.7777777777777778,0.4444444444444444,0.6666666666666666,cosmic
permutation 2,0.7777777777777778,0.8571428571428571,0.6785714285714286,cosmic
permutation 2,0.6666666666666666,0.125,0.375,cosmic
permutation 2,0.5555555555555556,0.6388888888888888,0.5,cosmic
permutation 2,0.4444444444444444,0.6,0.5,cosmic
permutation 3,0.6666666666666666,0.0,0.375,cosmic
permutation 3,0.8888888888888888,0.625,0.5,cosmic
permutation 3,0.8888888888888888,0.875,0.5,cosmic
permutation 3,0.7777777777777778,0.3928571428571429,0.5,cosmic
permutation 3,0.7777777777777778,0.5,0.5,cosmic
permutation 3,0.6666666666666666,0.5833333333333334,0.5833333333333334,cosmic
permutation 3,0.2222222222222222,0.3571428571428572,0.3214285714285714,cosmic
permutation 3,0.7777777777777778,0.5,0.5,cosmic
permutation 3,0.5555555555555556,0.2777777777777778,0.4166666666666667,cosmic
permutation 3,0.7777777777777778,0.2142857142857143,0.5,cosmic
permutation 3,0.5555555555555556,0.5,0.5,cosmic
permutation 3,0.6666666666666666,0.13888888888888887,0.5,cosmic
permutation 3,0.7777777777777778,0.35714285714285715,0.5,cosmic
permutation 3,0.8888888888888888,0.125,0.5,cosmic
permutation 3,0.8888888888888888,0.5,0.5,cosmic
permutation 3,0.5555555555555556,0.16666666666666669,0.4166666666666667,cosmic
permutation 3,0.5555555555555556,0.575,0.5,cosmic
permutation 3,0.6666666666666666,0.11111111111111112,0.5,cosmic
permutation 3,0.7777777777777778,0.2142857142857143,0.5,cosmic
permutation 3,0.5555555555555556,0.4642857142857143,0.35714285714285715,cosmic
permutation 3,0.7777777777777778,0.5,0.5,cosmic
permutation 3,0.6666666666666666,0.7142857142857142,0.42857142857142855,cosmic
permutation 3,0.7777777777777778,0.9722222222222222,0.8333333333333333,cosmic
permutation 3,0.5555555555555556,0.38888888888888884,0.4166666666666667,cosmic
permutation 3,0.7777777777777778,0.25,0.4375,cosmic
permutation 4,0.5555555555555556,0.5,0.5357142857142857,cosmic
permutation 4,0.3333333333333333,0.4444444444444444,0.3333333333333333,cosmic
permutation 4,0.4444444444444444,0.25,0.3333333333333333,cosmic
permutation 4,0.7777777777777778,0.25,0.4375,cosmic
permutation 4,0.6666666666666666,0.41666666666666663,0.5,cosmic
permutation 4,0.8888888888888888,0.875,0.5,cosmic
permutation 4,0.8888888888888888,0.9285714285714286,0.75,cosmic
permutation 4,0.3333333333333333,0.41666666666666663,0.41666666666666663,cosmic
permutation 4,0.6666666666666666,0.8214285714285714,0.42857142857142855,cosmic
permutation 4,0.5555555555555556,0.1,0.5,cosmic
permutation 4,0.7777777777777778,0.6428571428571428,0.5,cosmic
permutation 4,0.5555555555555556,0.5499999999999999,0.5,cosmic
permutation 4,0.3333333333333333,0.5357142857142857,0.39285714285714285,cosmic
permutation 4,0.7777777777777778,0.8571428571428572,0.5,cosmic
permutation 4,0.6666666666666666,0.4722222222222222,0.5833333333333334,cosmic
permutation 4,0.5555555555555556,0.2777777777777778,0.4166666666666667,cosmic
permutation 4,0.6666666666666666,0.33333333333333337,0.5,cosmic
permutation 4,0.7777777777777778,0.8571428571428572,0.6785714285714286,cosmic
permutation 4,0.5555555555555556,0.475,0.5,cosmic
permutation 4,0.5555555555555556,0.35714285714285715,0.35714285714285715,cosmic
permutation 4,0.6666666666666666,0.6666666666666667,0.5,cosmic
permutation 4,0.6666666666666666,0.7222222222222222,0.6666666666666666,cosmic
permutation 4,0.7777777777777778,0.888888888888889,0.6666666666666666,cosmic
permutation 4,0.6666666666666666,0.5357142857142857,0.6071428571428572,cosmic
permutation 4,0.5555555555555556,0.5277777777777778,0.5,cosmic
permutation 5,0.7777777777777778,0.035714285714285726,0.5,cosmic
permutation 5,0.7777777777777778,0.07142857142857145,0.5,cosmic
permutation 5,0.5555555555555556,0.35,0.5,cosmic
permutation 5,0.7777777777777778,0.28571428571428575,0.5,cosmic
permutation 5,0.4444444444444444,0.5,0.3333333333333333,cosmic
permutation 5,0.2222222222222222,0.11111111111111112,0.16666666666666666,cosmic
permutation 5,0.5555555555555556,0.7,0.5,cosmic
permutation 5,0.6666666666666666,0.2222222222222222,0.5,cosmic
permutation 5,0.6666666666666666,0.611111111111111,0.5,cosmic
permutation 5,0.5555555555555556,0.6428571428571428,0.5357142857142857,cosmic
permutation 5,0.6666666666666666,0.16666666666666666,0.5,cosmic
permutation 5,0.8888888888888888,0.125,0.5,cosmic
permutation 5,0.7777777777777778,0.1785714285714286,0.5,cosmic
permutation 5,0.6666666666666666,0.2777777777777778,0.5,cosmic
permutation 5,0.8888888888888888,0.625,0.5,cosmic
permutation 5,0.7777777777777778,0.35714285714285715,0.5,cosmic
permutation 5,0.6666666666666666,0.24999999999999994,0.5,cosmic
permutation 5,0.6666666666666666,0.0,0.5,cosmic
permutation 5,0.5555555555555556,0.2777777777777778,0.4166666666666667,cosmic
permutation 5,0.6666666666666666,0.888888888888889,0.5,cosmic
permutation 5,0.7777777777777778,0.5357142857142857,0.5,cosmic
permutation 5,0.6666666666666666,0.0,0.375,cosmic
permutation 5,0.6666666666666666,0.3888888888888889,0.5,cosmic
permutation 5,0.6666666666666666,0.4285714285714286,0.42857142857142855,cosmic
permutation 5,0.6666666666666666,0.6666666666666666,0.5,cosmic
permutation 6,0.6666666666666666,0.16666666666666666,0.5,cosmic
permutation 6,0.8888888888888888,0.3125,0.5,cosmic
permutation 6,0.6666666666666666,0.675,0.675,cosmic
permutation 6,0.6666666666666666,0.3333333333333333,0.5,cosmic
permutation 6,0.7777777777777778,1.0,0.6666666666666666,cosmic
permutation 6,0.7777777777777778,0.5,0.5,cosmic
permutation 6,0.6666666666666666,0.6111111111111112,0.5,cosmic
permutation 6,0.5555555555555556,0.6,0.5,cosmic
permutation 6,0.5555555555555556,0.5,0.5,cosmic
permutation 6,0.5555555555555556,0.3055555555555555,0.5,cosmic
permutation 6,0.4444444444444444,0.36111111111111105,0.3333333333333333,cosmic
permutation 6,0.8888888888888888,0.125,0.5,cosmic
permutation 6,0.4444444444444444,0.3055555555555556,0.3333333333333333,cosmic
permutation 6,0.6666666666666666,0.5833333333333334,0.75,cosmic
permutation 6,0.5555555555555556,0.4,0.5,cosmic
permutation 6,0.5555555555555556,0.3125,0.3125,cosmic
permutation 6,0.8888888888888888,0.375,0.5,cosmic
permutation 6,0.1111111111111111,0.07142857142857145,0.07142857142857142,cosmic
permutation 6,0.6666666666666666,0.5,0.5,cosmic
permutation 6,0.6666666666666666,0.6428571428571428,0.6071428571428572,cosmic
permutation 6,0.5555555555555556,0.30000000000000004,0.5,cosmic
permutation 6,0.7777777777777778,0.6071428571428572,0.5,cosmic
permutation 6,0.5555555555555556,0.4444444444444444,0.5,cosmic
permutation 6,0.7777777777777778,0.5,0.5,cosmic
permutation 6,0.8888888888888888,0.8125,0.5,cosmic
permutation 7,0.8888888888888888,0.9375,0.5,cosmic
permutation 7,0.6666666666666666,0.0,0.375,cosmic
permutation 7,0.5555555555555556,0.38888888888888884,0.5,cosmic
permutation 7,0.5555555555555556,0.2142857142857143,0.35714285714285715,cosmic
permutation 7,0.6666666666666666,0.33333333333333337,0.5,cosmic
permutation 7,0.4444444444444444,0.525,0.5,cosmic
permutation 7,0.5555555555555556,0.30000000000000004,0.5,cosmic
permutation 7,0.5555555555555556,0.5,0.5,cosmic
permutation 7,0.7777777777777778,0.42857142857142855,0.5,cosmic
permutation 7,0.6666666666666666,0.2857142857142857,0.42857142857142855,cosmic
permutation 7,0.6666666666666666,0.7857142857142857,0.42857142857142855,cosmic
permutation 7,0.4444444444444444,0.55,0.5,cosmic
permutation 7,0.4444444444444444,0.4444444444444445,0.3333333333333333,cosmic
permutation 7,0.5555555555555556,0.5277777777777777,0.4166666666666667,cosmic
permutation 7,0.5555555555555556,0.45,0.525,cosmic
permutation 7,0.8888888888888888,0.5625,0.5,cosmic
permutation 7,0.6666666666666666,0.6666666666666666,0.5,cosmic
permutation 7,0.4444444444444444,0.4285714285714286,0.4642857142857143,cosmic
permutation 7,0.7777777777777778,0.8571428571428571,0.6785714285714286,cosmic
permutation 7,0.5555555555555556,0.4285714285714286,0.5357142857142857,cosmic
permutation 7,0.7777777777777778,0.875,0.4375,cosmic
permutation 7,0.7777777777777778,0.6071428571428571,0.5,cosmic
permutation 7,0.5555555555555556,0.42500000000000004,0.5,cosmic
permutation 7,0.7777777777777778,0.35714285714285715,0.5,cosmic
permutation 7,0.6666666666666666,0.5,0.5,cosmic
permutation 8,0.5555555555555556,0.35,0.5,cosmic
permutation 8,0.7777777777777778,0.9444444444444445,0.6666666666666666,cosmic
permutation 8,0.5555555555555556,0.475,0.5,cosmic
permutation 8,1.0,1.0,1.0,cosmic
permutation 8,0.6666666666666666,0.6944444444444444,0.5,cosmic
permutation 8,0.6666666666666666,0.5833333333333334,0.5,cosmic
permutation 8,0.6666666666666666,0.35714285714285715,0.42857142857142855,cosmic
permutation 8,0.6666666666666666,0.5833333333333334,0.5,cosmic
permutation 8,0.7777777777777778,0.5714285714285714,0.5,cosmic
permutation 8,0.7777777777777778,0.5,0.4375,cosmic
permutation 8,0.8888888888888888,1.0,0.9375,cosmic
permutation 8,0.6666666666666666,0.3333333333333333,0.5,cosmic
permutation 8,0.5555555555555556,0.3888888888888889,0.4166666666666667,cosmic
permutation 8,0.5555555555555556,0.65,0.5,cosmic
permutation 8,0.8888888888888888,0.875,0.9375,cosmic
permutation 8,0.7777777777777778,0.6111111111111112,0.6666666666666666,cosmic
permutation 8,0.5555555555555556,0.3888888888888889,0.4166666666666667,cosmic
permutation 8,0.5555555555555556,0.65,0.5,cosmic
permutation 8,0.7777777777777778,0.5,0.6666666666666666,cosmic
permutation 8,0.7777777777777778,0.375,0.4375,cosmic
permutation 8,0.7777777777777778,0.6944444444444444,0.6666666666666666,cosmic
permutation 8,0.6666666666666666,0.2142857142857143,0.42857142857142855,cosmic
permutation 8,0.5555555555555556,0.5,0.5,cosmic
permutation 8,0.5555555555555556,0.35,0.5,cosmic
permutation 8,0.5555555555555556,0.7750000000000001,0.5,cosmic
permutation 9,0.8888888888888888,0.3125,0.5,cosmic
permutation 9,0.6666666666666666,0.3571428571428572,0.42857142857142855,cosmic
permutation 9,0.6666666666666666,0.6388888888888888,0.5833333333333334,cosmic
permutation 9,0.8888888888888888,0.6875,0.5,cosmic
permutation 9,1.0,1.0,1.0,cosmic
permutation 9,0.7777777777777778,0.5277777777777777,0.6666666666666666,cosmic
permutation 9,0.8888888888888888,0.375,0.5,cosmic
permutation 9,0.3333333333333333,0.675,0.375,cosmic
permutation 9,0.4444444444444444,0.4285714285714286,0.2857142857142857,cosmic
permutation 9,0.6666666666666666,0.75,0.375,cosmic
permutation 9,0.7777777777777778,0.6944444444444444,0.75,cosmic
permutation 9,0.4444444444444444,0.4722222222222222,0.3333333333333333,cosmic
permutation 9,0.8888888888888888,0.875,0.5,cosmic
permutation 9,0.8888888888888888,0.8571428571428572,0.75,cosmic
permutation 9,0.7777777777777778,0.0,0.4375,cosmic
permutation 9,0.6666666666666666,0.7142857142857143,0.6071428571428572,cosmic
permutation 9,0.7777777777777778,0.6071428571428571,0.5,cosmic
permutation 9,0.6666666666666666,0.125,0.375,cosmic
permutation 9,0.7777777777777778,0.5714285714285714,0.5,cosmic
permutation 9,0.4444444444444444,0.2857142857142857,0.2857142857142857,cosmic
permutation 9,0.7777777777777778,0.5,0.6666666666666666,cosmic
permutation 9,0.6666666666666666,0.85,0.625,cosmic
permutation 9,0.8888888888888888,1.0,0.9375,cosmic
permutation 9,0.7777777777777778,0.1428571428571429,0.5,cosmic
permutation 9,0.5555555555555556,0.35714285714285715,0.35714285714285715,cosmic
permutation 10,0.5555555555555556,0.6,0.5,cosmic
permutation 10,0.8888888888888888,0.375,0.5,cosmic
permutation 10,0.6666666666666666,0.8055555555555556,0.5,cosmic
permutation 10,0.8888888888888888,0.9285714285714286,0.75,cosmic
permutation 10,0.6666666666666666,0.7777777777777779,0.6666666666666666,cosmic
permutation 10,0.6666666666666666,0.6785714285714286,0.6071428571428572,cosmic
permutation 10,0.6666666666666666,1.0,0.5,cosmic
permutation 10,0.6666666666666666,0.42857142857142855,0.6071428571428572,cosmic
permutation 10,0.4444444444444444,0.3888888888888889,0.5833333333333334,cosmic
permutation 10,0.5555555555555556,0.5833333333333333,0.5833333333333333,cosmic
permutation 10,0.6666666666666666,0.6666666666666667,0.6666666666666666,cosmic
permutation 10,0.4444444444444444,0.7,0.5,cosmic
permutation 10,0.5555555555555556,0.49999999999999994,0.4166666666666667,cosmic
permutation 10,0.4444444444444444,0.425,0.425,cosmic
permutation 10,0.5555555555555556,0.5714285714285714,0.35714285714285715,cosmic
permutation 10,0.6666666666666666,0.6666666666666666,0.5,cosmic
permutation 10,0.7777777777777778,0.7142857142857143,0.5,cosmic
permutation 10,0.6666666666666666,0.5,0.375,cosmic
permutation 10,0.7777777777777778,0.6428571428571428,0.5,cosmic
permutation 10,0.4444444444444444,0.175,0.4,cosmic
permutation 10,0.5555555555555556,0.6,0.5,cosmic
permutation 10,0.4444444444444444,0.3055555555555556,0.41666666666666663,cosmic
permutation 10,0.6666666666666666,0.3125,0.375,cosmic
permutation 10,0.7777777777777778,0.5714285714285714,0.5,cosmic
permutation 10,0.6666666666666666,0.825,0.625,cosmic
permutation 11,0.7777777777777778,0.7142857142857142,0.5,cosmic
permutation 11,0.6666666666666666,0.8333333333333334,0.5,cosmic
permutation 11,0.6666666666666666,0.4285714285714286,0.42857142857142855,cosmic
permutation 11,0.7777777777777778,0.7142857142857143,0.5,cosmic
permutation 11,0.8888888888888888,0.875,0.5,cosmic
permutation 11,0.3333333333333333,0.32499999999999996,0.325,cosmic
permutation 11,0.7777777777777778,0.4375,0.4375,cosmic
permutation 11,0.5555555555555556,0.5,0.4166666666666667,cosmic
permutation 11,0.6666666666666666,0.2777777777777778,0.5,cosmic
permutation 11,0.7777777777777778,0.5,0.4375,cosmic
permutation 11,0.7777777777777778,0.5277777777777778,0.6666666666666666,cosmic
permutation 11,0.7777777777777778,0.3125,0.4375,cosmic
permutation 11,0.7777777777777778,0.8571428571428572,0.5,cosmic
permutation 11,0.7777777777777778,0.5714285714285714,0.6785714285714286,cosmic
permutation 11,0.4444444444444444,0.4285714285714286,0.2857142857142857,cosmic
permutation 11,0.7777777777777778,0.2857142857142857,0.5,cosmic
permutation 11,0.5555555555555556,0.6388888888888888,0.4166666666666667,cosmic
permutation 11,0.6666666666666666,0.8571428571428571,0.42857142857142855,cosmic
permutation 11,0.4444444444444444,0.3214285714285714,0.4642857142857143,cosmic
permutation 11,0.5555555555555556,0.5833333333333333,0.4166666666666667,cosmic
permutation 11,0.6666666666666666,0.5833333333333334,0.5,cosmic
permutation 11,0.4444444444444444,0.5833333333333334,0.41666666666666663,cosmic
permutation 11,0.8888888888888888,0.8571428571428572,0.75,cosmic
permutation 11,0.5555555555555556,0.22499999999999998,0.5,cosmic
permutation 11,0.7777777777777778,0.85,0.75,cosmic
permutation 12,0.6666666666666666,0.6071428571428572,0.42857142857142855,cosmic
permutation 12,0.7777777777777778,0.25,0.4375,cosmic
permutation 12,0.6666666666666666,0.2777777777777778,0.5,cosmic
permutation 12,0.5555555555555556,0.27777777777777773,0.4166666666666667,cosmic
permutation 12,0.7777777777777778,0.8571428571428572,0.5,cosmic
permutation 12,0.7777777777777778,0.5357142857142857,0.5,cosmic
permutation 12,0.6666666666666666,0.5,0.42857142857142855,cosmic
permutation 12,0.7777777777777778,0.14285714285714285,0.5,cosmic
permutation 12,0.6666666666666666,0.6111111111111112,0.5,cosmic
permutation 12,0.4444444444444444,0.33333333333333337,0.3333333333333333,cosmic
permutation 12,0.6666666666666666,0.4444444444444444,0.5,cosmic
permutation 12,0.7777777777777778,0.28571428571428575,0.5,cosmic
permutation 12,0.4444444444444444,0.2857142857142857,0.2857142857142857,cosmic
permutation 12,0.7777777777777778,0.375,0.4375,cosmic
permutation 12,0.7777777777777778,0.6388888888888888,0.6666666666666666,cosmic
permutation 12,0.5555555555555556,0.45,0.525,cosmic
permutation 12,0.7777777777777778,0.2142857142857143,0.5,cosmic
permutation 12,0.7777777777777778,0.2142857142857143,0.5,cosmic
permutation 12,0.6666666666666666,0.5714285714285714,0.6071428571428572,cosmic
permutation 12,0.6666666666666666,0.625,0.375,cosmic
permutation 12,0.7777777777777778,0.875,0.875,cosmic
permutation 12,0.7777777777777778,0.6785714285714286,0.5,cosmic
permutation 12,0.6666666666666666,0.3333333333333333,0.5,cosmic
permutation 12,0.4444444444444444,0.325,0.5,cosmic
permutation 12,0.6666666666666666,0.5833333333333334,0.5,cosmic
permutation 13,0.7777777777777778,0.4642857142857143,0.5,cosmic
permutation 13,0.7777777777777778,0.6785714285714286,0.5,cosmic
permutation 13,0.6666666666666666,0.45,0.65,cosmic
permutation 13,0.7777777777777778,0.25,0.4375,cosmic
permutation 13,0.5555555555555556,0.5277777777777778,0.4166666666666667,cosmic
permutation 13,0.5555555555555556,0.225,0.5,cosmic
permutation 13,0.7777777777777778,0.375,0.4375,cosmic
permutation 13,0.7777777777777778,0.5,0.5,cosmic
permutation 13,0.6666666666666666,0.6111111111111112,0.5,cosmic
permutation 13,0.6666666666666666,0.25,0.42857142857142855,cosmic
permutation 13,0.6666666666666666,0.875,0.8125,cosmic
permutation 13,0.4444444444444444,0.55,0.4,cosmic
permutation 13,0.6666666666666666,0.5714285714285714,0.42857142857142855,cosmic
permutation 13,0.6666666666666666,0.888888888888889,0.5,cosmic
permutation 13,0.6666666666666666,0.45,0.625,cosmic
permutation 13,0.6666666666666666,0.6428571428571428,0.42857142857142855,cosmic
permutation 13,0.8888888888888888,0.0,0.5,cosmic
permutation 13,0.7777777777777778,0.875,0.4375,cosmic
permutation 13,0.7777777777777778,0.5714285714285714,0.5,cosmic
permutation 13,0.7777777777777778,0.9285714285714286,0.5,cosmic
permutation 13,0.8888888888888888,0.8928571428571428,0.75,cosmic
permutation 13,0.6666666666666666,0.16666666666666666,0.5,cosmic
permutation 13,0.4444444444444444,0.5,0.3333333333333333,cosmic
permutation 13,0.5555555555555556,0.6428571428571428,0.35714285714285715,cosmic
permutation 13,0.5555555555555556,0.4444444444444444,0.4166666666666667,cosmic
permutation 14,0.6666666666666666,0.125,0.375,cosmic
permutation 14,0.6666666666666666,0.6111111111111112,0.5,cosmic
permutation 14,0.6666666666666666,0.4722222222222222,0.5,cosmic
permutation 14,0.5555555555555556,0.07142857142857145,0.35714285714285715,cosmic
permutation 14,0.7777777777777778,0.5,0.4375,cosmic
permutation 14,0.5555555555555556,0.4,0.5,cosmic
permutation 14,0.7777777777777778,0.07142857142857145,0.5,cosmic
permutation 14,0.4444444444444444,0.4375,0.25,cosmic
permutation 14,0.7777777777777778,0.4285714285714286,0.5,cosmic
permutation 14,0.6666666666666666,0.5555555555555556,0.5,cosmic
permutation 14,0.7777777777777778,0.6428571428571429,0.5,cosmic
permutation 14,0.8888888888888888,0.25,0.5,cosmic
permutation 14,0.5555555555555556,0.45,0.5,cosmic
permutation 14,0.7777777777777778,0.07142857142857145,0.5,cosmic
permutation 14,0.7777777777777778,0.07142857142857145,0.5,cosmic
permutation 14,0.7777777777777778,0.14285714285714285,0.5,cosmic
permutation 14,0.7777777777777778,0.6428571428571428,0.5,cosmic
permutation 14,0.6666666666666666,0.16666666666666666,0.5,cosmic
permutation 14,0.4444444444444444,0.6000000000000001,0.5,cosmic
permutation 14,0.7777777777777778,0.0,0.4375,cosmic
permutation 14,0.5555555555555556,0.3125,0.3125,cosmic
permutation 14,0.6666666666666666,0.5,0.375,cosmic
permutation 14,0.3333333333333333,0.2222222222222222,0.25,cosmic
permutation 14,0.8888888888888888,0.125,0.5,cosmic
permutation 14,0.7777777777777778,0.875,0.4375,cosmic
permutation 15,0.8888888888888888,0.5625,0.5,cosmic
permutation 15,0.4444444444444444,0.25,0.5,cosmic
permutation 15,0.7777777777777778,0.4375,0.4375,cosmic
permutation 15,0.6666666666666666,0.6666666666666666,0.5,cosmic
permutation 15,0.6666666666666666,0.5555555555555556,0.5,cosmic
permutation 15,0.4444444444444444,0.5,0.3333333333333333,cosmic
permutation 15,0.2222222222222222,0.46428571428571425,0.5,cosmic
permutation 15,0.5555555555555556,0.35000000000000003,0.5,cosmic
permutation 15,0.4444444444444444,0.33333333333333337,0.41666666666666663,cosmic
permutation 15,0.6666666666666666,0.14285714285714285,0.42857142857142855,cosmic
permutation 15,0.7777777777777778,0.4642857142857143,0.5,cosmic
permutation 15,0.6666666666666666,0.625,0.375,cosmic
permutation 15,0.4444444444444444,0.30000000000000004,0.4,cosmic
permutation 15,0.4444444444444444,0.2857142857142857,0.2857142857142857,cosmic
permutation 15,0.7777777777777778,0.5,0.4375,cosmic
permutation 15,0.6666666666666666,0.3928571428571429,0.42857142857142855,cosmic
permutation 15,0.7777777777777778,0.8055555555555556,0.75,cosmic
permutation 15,0.6666666666666666,0.14285714285714285,0.42857142857142855,cosmic
permutation 15,0.5555555555555556,0.41666666666666663,0.5,cosmic
permutation 15,0.7777777777777778,0.5714285714285714,0.5,cosmic
permutation 15,0.8888888888888888,0.375,0.5,cosmic
permutation 15,0.6666666666666666,0.7142857142857142,0.42857142857142855,cosmic
permutation 15,0.7777777777777778,0.5,0.5,cosmic
permutation 15,0.8888888888888888,0.1875,0.5,cosmic
permutation 15,0.7777777777777778,1.0,0.5,cosmic
permutation 16,0.6666666666666666,0.6111111111111112,0.5,cosmic
permutation 16,0.4444444444444444,0.25,0.5,cosmic
permutation 16,0.4444444444444444,0.5,0.25,cosmic
permutation 16,0.8888888888888888,1.0,0.9375,cosmic
permutation 16,0.6666666666666666,0.3125,0.375,cosmic
permutation 16,0.7777777777777778,0.8571428571428571,0.6785714285714286,cosmic
permutation 16,0.6666666666666666,0.25,0.625,cosmic
permutation 16,0.5555555555555556,0.525,0.5,cosmic
permutation 16,0.5555555555555556,0.65,0.5,cosmic
permutation 16,0.6666666666666666,1.0,0.5,cosmic
permutation 16,0.7777777777777778,0.375,0.4375,cosmic
permutation 16,0.4444444444444444,0.6,0.5,cosmic
permutation 16,0.7777777777777778,0.875,0.4375,cosmic
permutation 16,0.6666666666666666,0.5277777777777778,0.5833333333333334,cosmic
permutation 16,0.7777777777777778,0.6071428571428571,0.5,cosmic
permutation 16,0.6666666666666666,0.7857142857142857,0.6071428571428572,cosmic
permutation 16,0.6666666666666666,0.7250000000000001,0.625,cosmic
permutation 16,0.5555555555555556,0.575,0.5,cosmic
permutation 16,0.6666666666666666,0.47222222222222227,0.5,cosmic
permutation 16,0.6666666666666666,0.8055555555555556,0.5,cosmic
permutation 16,0.5555555555555556,0.625,0.3125,cosmic
permutation 16,0.7777777777777778,0.8571428571428572,0.5,cosmic
permutation 16,0.5555555555555556,0.7000000000000001,0.525,cosmic
permutation 16,0.7777777777777778,0.6000000000000001,0.75,cosmic
permutation 16,0.7777777777777778,0.5714285714285714,0.5,cosmic
permutation 17,0.4444444444444444,0.30000000000000004,0.5,cosmic
permutation 17,0.6666666666666666,0.5,0.5833333333333334,cosmic
permutation 17,0.5555555555555556,0.6,0.6,cosmic
permutation 17,0.6666666666666666,0.4444444444444444,0.5,cosmic
permutation 17,0.7777777777777778,0.5714285714285714,0.5,cosmic
permutation 17,0.4444444444444444,0.5,0.5,cosmic
permutation 17,0.7777777777777778,0.7142857142857142,0.5,cosmic
permutation 17,0.6666666666666666,0.7777777777777778,0.5833333333333334,cosmic
permutation 17,0.8888888888888888,0.875,0.5,cosmic
permutation 17,0.6666666666666666,0.3888888888888889,0.5,cosmic
permutation 17,0.6666666666666666,0.38888888888888884,0.5,cosmic
permutation 17,0.8888888888888888,0.125,0.5,cosmic
permutation 17,0.6666666666666666,0.5555555555555556,0.5,cosmic
permutation 17,0.4444444444444444,0.5555555555555556,0.5,cosmic
permutation 17,0.8888888888888888,0.25,0.5,cosmic
permutation 17,0.5555555555555556,0.14285714285714285,0.35714285714285715,cosmic
permutation 17,0.2222222222222222,0.24999999999999997,0.25,cosmic
permutation 17,0.7777777777777778,0.6666666666666667,0.6666666666666666,cosmic
permutation 17,0.8888888888888888,0.375,0.5,cosmic
permutation 17,0.6666666666666666,0.6111111111111112,0.5,cosmic
permutation 17,0.6666666666666666,0.44999999999999996,0.625,cosmic
permutation 17,0.5555555555555556,0.7000000000000001,0.5,cosmic
permutation 17,0.6666666666666666,0.4285714285714286,0.42857142857142855,cosmic
permutation 17,1.0,1.0,1.0,cosmic
permutation 17,0.4444444444444444,0.875,0.5,cosmic
permutation 18,0.6666666666666666,0.49999999999999994,0.5,cosmic
permutation 18,0.8888888888888888,0.6428571428571428,0.75,cosmic
permutation 18,0.5555555555555556,0.85,0.5,cosmic
permutation 18,0.6666666666666666,0.5714285714285714,0.42857142857142855,cosmic
permutation 18,0.3333333333333333,0.325,0.375,cosmic
permutation 18,0.5555555555555556,0.4166666666666667,0.4166666666666667,cosmic
permutation 18,0.5555555555555556,0.25,0.4166666666666667,cosmic
permutation 18,0.7777777777777778,0.5714285714285714,0.5,cosmic
permutation 18,0.7777777777777778,0.9375,0.875,cosmic
permutation 18,0.6666666666666666,0.5,0.42857142857142855,cosmic
permutation 18,0.6666666666666666,0.3571428571428572,0.42857142857142855,cosmic
permutation 18,0.5555555555555556,0.3333333333333333,0.4166666666666667,cosmic
permutation 18,0.5555555555555556,0.7777777777777778,0.4166666666666667,cosmic
permutation 18,0.5555555555555556,0.6,0.5,cosmic
permutation 18,0.8888888888888888,0.5,0.5,cosmic
permutation 18,0.7777777777777778,0.625,0.4375,cosmic
permutation 18,0.5555555555555556,0.125,0.5,cosmic
permutation 18,0.6666666666666666,0.3928571428571429,0.42857142857142855,cosmic
permutation 18,0.8888888888888888,0.5714285714285714,0.75,cosmic
permutation 18,0.5555555555555556,0.4722222222222222,0.5,cosmic
permutation 18,0.6666666666666666,0.8571428571428572,0.42857142857142855,cosmic
permutation 18,0.6666666666666666,0.2142857142857143,0.42857142857142855,cosmic
permutation 18,0.6666666666666666,0.3888888888888889,0.5,cosmic
permutation 18,0.4444444444444444,0.4,0.4,cosmic
permutation 18,0.6666666666666666,0.2857142857142857,0.42857142857142855,cosmic
permutation 19,0.8888888888888888,0.125,0.5,cosmic
permutation 19,0.6666666666666666,0.24999999999999997,0.5,cosmic
permutation 19,0.5555555555555556,0.5833333333333333,0.5833333333333333,cosmic
permutation 19,0.8888888888888888,1.0,0.5,cosmic
permutation 19,0.6666666666666666,0.4285714285714286,0.42857142857142855,cosmic
permutation 19,0.8888888888888888,0.9375,0.5,cosmic
permutation 19,0.5555555555555556,0.4,0.5,cosmic
permutation 19,0.5555555555555556,0.3333333333333333,0.4166666666666667,cosmic
permutation 19,0.7777777777777778,0.3125,0.4375,cosmic
permutation 19,0.7777777777777778,0.75,0.6666666666666666,cosmic
permutation 19,0.3333333333333333,0.30000000000000004,0.375,cosmic
permutation 19,0.7777777777777778,0.0,0.4375,cosmic
permutation 19,0.4444444444444444,0.2857142857142857,0.2857142857142857,cosmic
permutation 19,0.6666666666666666,0.6071428571428572,0.42857142857142855,cosmic
permutation 19,0.8888888888888888,1.0,0.5,cosmic
permutation 19,0.5555555555555556,0.7000000000000001,0.5,cosmic
permutation 19,0.4444444444444444,0.8250000000000001,0.5,cosmic
permutation 19,0.4444444444444444,0.24999999999999997,0.4,cosmic
permutation 19,0.7777777777777778,0.2857142857142857,0.5,cosmic
permutation 19,0.3333333333333333,0.4722222222222222,0.5,cosmic
permutation 19,0.5555555555555556,0.44999999999999996,0.5,cosmic
permutation 19,0.5555555555555556,0.3888888888888889,0.4166666666666667,cosmic
permutation 19,0.5555555555555556,0.5,0.5357142857142857,cosmic
permutation 19,0.5555555555555556,0.275,0.5,cosmic
permutation 19,0.4444444444444444,0.6875,0.6875,cosmic
permutation 20,0.5555555555555556,0.6944444444444444,0.4166666666666667,cosmic
permutation 20,0.7777777777777778,0.6875,0.4375,cosmic
permutation 20,0.6666666666666666,0.7,0.625,cosmic
permutation 20,0.8888888888888888,0.75,0.75,cosmic
permutation 20,0.6666666666666666,0.7222222222222222,0.5833333333333334,cosmic
permutation 20,0.5555555555555556,0.32142857142857145,0.35714285714285715,cosmic
permutation 20,0.6666666666666666,0.35714285714285715,0.42857142857142855,cosmic
permutation 20,0.6666666666666666,0.7500000000000001,0.625,cosmic
permutation 20,0.4444444444444444,0.775,0.5,cosmic
permutation 20,0.4444444444444444,0.22499999999999998,0.5,cosmic
permutation 20,0.7777777777777778,0.8571428571428571,0.5,cosmic
permutation 20,0.6666666666666666,0.7142857142857143,0.42857142857142855,cosmic
permutation 20,0.7777777777777778,0.5,0.6666666666666666,cosmic
permutation 20,0.6666666666666666,0.4444444444444445,0.5,cosmic
permutation 20,0.6666666666666666,0.675,0.7,cosmic
permutation 20,0.6666666666666666,0.8333333333333334,0.5,cosmic
permutation 20,0.5555555555555556,0.75,0.6,cosmic
permutation 20,0.7777777777777778,0.32142857142857145,0.5,cosmic
permutation 20,0.6666666666666666,0.625,0.375,cosmic
permutation 20,0.5555555555555556,0.42499999999999993,0.5,cosmic
permutation 20,0.8888888888888888,0.9375,0.9375,cosmic
permutation 20,0.6666666666666666,0.5,0.5,cosmic
permutation 20,0.4444444444444444,0.2857142857142857,0.2857142857142857,cosmic
permutation 20,0.6666666666666666,0.1428571428571429,0.42857142857142855,cosmic
permutation 20,0.8888888888888888,0.75,0.5,cosmic
permutation 21,0.6666666666666666,0.1428571428571429,0.42857142857142855,cosmic
permutation 21,0.6666666666666666,0.6071428571428572,0.42857142857142855,cosmic
permutation 21,0.7777777777777778,0.07142857142857145,0.5,cosmic
permutation 21,0.6666666666666666,0.25,0.42857142857142855,cosmic
permutation 21,0.6666666666666666,0.5,0.5,cosmic
permutation 21,0.7777777777777778,0.5714285714285714,0.5,cosmic
permutation 21,0.5555555555555556,0.75,0.75,cosmic
permutation 21,0.5555555555555556,0.675,0.525,cosmic
permutation 21,0.4444444444444444,0.3333333333333333,0.3333333333333333,cosmic
permutation 21,0.6666666666666666,0.5555555555555556,0.5,cosmic
permutation 21,0.5555555555555556,0.625,0.6,cosmic
permutation 21,0.8888888888888888,0.375,0.5,cosmic
permutation 21,0.6666666666666666,0.36111111111111116,0.5,cosmic
permutation 21,0.6666666666666666,0.2857142857142857,0.42857142857142855,cosmic
permutation 21,0.8888888888888888,0.125,0.5,cosmic
permutation 21,0.7777777777777778,0.2857142857142857,0.5,cosmic
permutation 21,0.6666666666666666,0.33333333333333337,0.5,cosmic
permutation 21,0.5555555555555556,0.11111111111111108,0.4166666666666667,cosmic
permutation 21,0.6666666666666666,0.22222222222222224,0.5,cosmic
permutation 21,0.6666666666666666,0.6428571428571429,0.6071428571428572,cosmic
permutation 21,0.6666666666666666,0.41666666666666663,0.5833333333333334,cosmic
permutation 21,0.3333333333333333,0.35,0.3,cosmic
permutation 21,0.8888888888888888,0.25,0.5,cosmic
permutation 21,0.7777777777777778,0.17857142857142858,0.5,cosmic
permutation 21,0.6666666666666666,0.41666666666666663,0.5,cosmic
permutation 22,0.5555555555555556,0.4285714285714286,0.35714285714285715,cosmic
permutation 22,0.7777777777777778,0.6071428571428572,0.6785714285714286,cosmic
permutation 22,0.6666666666666666,0.75,0.375,cosmic
permutation 22,0.8888888888888888,1.0,0.75,cosmic
permutation 22,0.7777777777777778,0.7777777777777778,0.6666666666666666,cosmic
permutation 22,0.5555555555555556,0.44999999999999996,0.5,cosmic
permutation 22,0.7777777777777778,0.375,0.4375,cosmic
permutation 22,0.7777777777777778,0.8571428571428572,0.5,cosmic
permutation 22,0.6666666666666666,0.6428571428571428,0.6071428571428572,cosmic
permutation 22,0.7777777777777778,0.888888888888889,0.6666666666666666,cosmic
permutation 22,0.6666666666666666,0.375,0.375,cosmic
permutation 22,0.4444444444444444,0.38888888888888884,0.41666666666666663,cosmic
permutation 22,1.0,1.0,1.0,cosmic
permutation 22,0.8888888888888888,0.25,0.5,cosmic
permutation 22,0.6666666666666666,0.6428571428571428,0.42857142857142855,cosmic
permutation 22,0.7777777777777778,0.4285714285714286,0.5,cosmic
permutation 22,0.5555555555555556,0.4285714285714286,0.35714285714285715,cosmic
permutation 22,0.7777777777777778,0.5555555555555556,0.6666666666666666,cosmic
permutation 22,0.6666666666666666,0.6785714285714285,0.42857142857142855,cosmic
permutation 22,0.7777777777777778,1.0,0.875,cosmic
permutation 22,0.6666666666666666,0.888888888888889,0.5833333333333334,cosmic
permutation 22,0.7777777777777778,0.8125,0.4375,cosmic
permutation 22,0.6666666666666666,0.6,0.625,cosmic
permutation 22,1.0,1.0,1.0,cosmic
permutation 22,0.6666666666666666,0.7250000000000001,0.625,cosmic
permutation 23,0.4444444444444444,0.65,0.5,cosmic
permutation 23,0.4444444444444444,0.14285714285714285,0.2857142857142857,cosmic
permutation 23,0.6666666666666666,0.3888888888888889,0.5,cosmic
permutation 23,0.6666666666666666,0.888888888888889,0.5,cosmic
permutation 23,0.7777777777777778,0.35714285714285715,0.5,cosmic
permutation 23,0.6666666666666666,0.19444444444444442,0.5,cosmic
permutation 23,0.7777777777777778,0.5,0.4375,cosmic
permutation 23,0.7777777777777778,0.7142857142857143,0.5,cosmic
permutation 23,0.8888888888888888,0.125,0.5,cosmic
permutation 23,0.5555555555555556,0.36111111111111105,0.5,cosmic
permutation 23,0.6666666666666666,0.875,0.8125,cosmic
permutation 23,0.7777777777777778,0.4285714285714286,0.5,cosmic
permutation 23,0.5555555555555556,0.625,0.5,cosmic
permutation 23,0.5555555555555556,0.575,0.5,cosmic
permutation 23,0.6666666666666666,0.5555555555555556,0.5,cosmic
permutation 23,0.7777777777777778,0.7222222222222222,0.6666666666666666,cosmic
permutation 23,0.5555555555555556,0.2777777777777778,0.4166666666666667,cosmic
permutation 23,1.0,1.0,1.0,cosmic
permutation 23,0.6666666666666666,0.6500000000000001,0.65,cosmic
permutation 23,0.5555555555555556,0.3125,0.3125,cosmic
permutation 23,0.6666666666666666,0.7222222222222222,0.5,cosmic
permutation 23,0.6666666666666666,0.6666666666666666,0.5,cosmic
permutation 23,0.7777777777777778,0.875,0.4375,cosmic
permutation 23,0.4444444444444444,0.4,0.5,cosmic
permutation 23,0.6666666666666666,0.9,0.7,cosmic
permutation 24,0.5555555555555556,0.42500000000000004,0.5,cosmic
permutation 24,0.5555555555555556,0.5555555555555556,0.4166666666666667,cosmic
permutation 24,0.6666666666666666,0.3888888888888889,0.5,cosmic
permutation 24,0.5555555555555556,0.5,0.35714285714285715,cosmic
permutation 24,0.6666666666666666,0.5714285714285714,0.42857142857142855,cosmic
permutation 24,0.4444444444444444,0.275,0.4,cosmic
permutation 24,0.8888888888888888,0.5714285714285714,0.75,cosmic
permutation 24,0.8888888888888888,1.0,0.9375,cosmic
permutation 24,0.8888888888888888,0.875,0.5,cosmic
permutation 24,0.4444444444444444,0.45,0.5,cosmic
permutation 24,0.7777777777777778,0.5714285714285714,0.5,cosmic
permutation 24,0.7777777777777778,0.25,0.4375,cosmic
permutation 24,0.6666666666666666,0.8055555555555556,0.5833333333333334,cosmic
permutation 24,0.4444444444444444,0.25,0.3333333333333333,cosmic
permutation 24,0.5555555555555556,0.5,0.5,cosmic
permutation 24,0.4444444444444444,0.5,0.5,cosmic
permutation 24,0.5555555555555556,0.35714285714285715,0.35714285714285715,cosmic
permutation 24,0.6666666666666666,0.39285714285714285,0.42857142857142855,cosmic
permutation 24,0.6666666666666666,0.5,0.5,cosmic
permutation 24,0.5555555555555556,0.525,0.5,cosmic
permutation 24,0.5555555555555556,0.625,0.6,cosmic
permutation 24,0.5555555555555556,0.3,0.5,cosmic
permutation 24,0.8888888888888888,0.375,0.5,cosmic
permutation 24,0.5555555555555556,0.5,0.5,cosmic
permutation 24,0.6666666666666666,0.5555555555555556,0.5833333333333334,cosmic
original,0.6666666666666666,1.0,0.625,kegg
original,0.8888888888888888,0.8571428571428572,0.9285714285714286,kegg
original,0.5555555555555556,0.625,0.5,kegg
original,0.5555555555555556,0.6,0.5,kegg
original,0.6666666666666666,0.6666666666666667,0.5,kegg
original,0.7777777777777778,1.0,0.5,kegg
original,1.0,1.0,1.0,kegg
original,0.6666666666666666,0.6666666666666667,0.5,kegg
original,1.0,1.0,1.0,kegg
original,0.7777777777777778,1.0,0.8,kegg
original,0.8888888888888888,1.0,0.9375,kegg
original,0.7777777777777778,0.7857142857142857,0.5,kegg
original,0.3333333333333333,0.39999999999999997,0.3,kegg
original,0.6666666666666666,0.75,0.375,kegg
original,0.7777777777777778,0.8333333333333333,0.6666666666666666,kegg
original,0.8888888888888888,0.6428571428571428,0.75,kegg
original,0.5555555555555556,0.5,0.5,kegg
original,0.6666666666666666,0.8333333333333334,0.5,kegg
original,0.5555555555555556,0.8,0.525,kegg
original,0.8888888888888888,0.861111111111111,0.8333333333333333,kegg
original,0.7777777777777778,0.9,0.75,kegg
original,0.8888888888888888,0.7777777777777778,0.8333333333333333,kegg
original,0.6666666666666666,0.6666666666666667,0.5833333333333334,kegg
original,0.6666666666666666,0.8333333333333334,0.5833333333333334,kegg
original,1.0,1.0,1.0,kegg
permutation 0,0.6666666666666666,0.6388888888888888,0.5,kegg
permutation 0,0.5555555555555556,0.125,0.3125,kegg
permutation 0,0.6666666666666666,0.27777777777777773,0.5,kegg
permutation 0,0.6666666666666666,0.5,0.5,kegg
permutation 0,0.7777777777777778,0.4285714285714286,0.5,kegg
permutation 0,0.6666666666666666,0.41666666666666663,0.5,kegg
permutation 0,0.7777777777777778,0.4444444444444444,0.6666666666666666,kegg
permutation 0,0.7777777777777778,0.7857142857142857,0.5,kegg
permutation 0,0.7777777777777778,0.6428571428571428,0.6785714285714286,kegg
permutation 0,0.6666666666666666,0.5555555555555556,0.5833333333333334,kegg
permutation 0,0.5555555555555556,0.1388888888888889,0.4166666666666667,kegg
permutation 0,0.6666666666666666,0.7142857142857143,0.42857142857142855,kegg
permutation 0,0.8888888888888888,0.9166666666666667,0.9166666666666667,kegg
permutation 0,0.5555555555555556,0.575,0.5,kegg
permutation 0,0.6666666666666666,0.36111111111111105,0.5833333333333334,kegg
permutation 0,0.6666666666666666,0.5277777777777778,0.5,kegg
permutation 0,0.8888888888888888,0.0,0.5,kegg
permutation 0,0.3333333333333333,0.42500000000000004,0.375,kegg
permutation 0,0.7777777777777778,0.6071428571428571,0.6785714285714286,kegg
permutation 0,0.8888888888888888,0.25,0.5,kegg
permutation 0,0.7777777777777778,0.6944444444444444,0.6666666666666666,kegg
permutation 0,0.6666666666666666,0.6428571428571428,0.6071428571428572,kegg
permutation 0,0.7777777777777778,0.8055555555555556,0.75,kegg
permutation 0,0.4444444444444444,0.44999999999999996,0.4,kegg
permutation 0,0.5555555555555556,0.6428571428571429,0.5357142857142857,kegg
permutation 1,0.6666666666666666,0.4722222222222222,0.5833333333333334,kegg
permutation 1,0.5555555555555556,0.4285714285714286,0.35714285714285715,kegg
permutation 1,0.5555555555555556,0.6666666666666667,0.4166666666666667,kegg
permutation 1,0.8888888888888888,0.9285714285714285,0.75,kegg
permutation 1,0.4444444444444444,0.5,0.3333333333333333,kegg
permutation 1,0.6666666666666666,0.6388888888888888,0.5,kegg
permutation 1,0.8888888888888888,0.875,0.9375,kegg
permutation 1,0.7777777777777778,0.925,0.75,kegg
permutation 1,0.5555555555555556,0.6,0.5,kegg
permutation 1,0.6666666666666666,0.4444444444444444,0.5,kegg
permutation 1,0.6666666666666666,0.888888888888889,0.5,kegg
permutation 1,0.6666666666666666,0.41666666666666663,0.5833333333333334,kegg
permutation 1,0.5555555555555556,0.7222222222222222,0.4166666666666667,kegg
permutation 1,0.6666666666666666,0.5,0.42857142857142855,kegg
permutation 1,0.7777777777777778,0.3611111111111111,0.6666666666666666,kegg
permutation 1,0.5555555555555556,0.75,0.75,kegg
permutation 1,0.4444444444444444,0.22222222222222224,0.3333333333333333,kegg
permutation 1,0.7777777777777778,0.7142857142857143,0.6785714285714286,kegg
permutation 1,0.8888888888888888,0.9642857142857143,0.75,kegg
permutation 1,0.4444444444444444,0.3611111111111111,0.3333333333333333,kegg
permutation 1,0.8888888888888888,0.9285714285714285,0.75,kegg
permutation 1,0.6666666666666666,0.4285714285714286,0.42857142857142855,kegg
permutation 1,0.8888888888888888,0.8571428571428571,0.9285714285714286,kegg
permutation 1,0.5555555555555556,0.17857142857142858,0.35714285714285715,kegg
permutation 1,0.8888888888888888,0.8,0.875,kegg
permutation 2,0.7777777777777778,0.75,0.4375,kegg
permutation 2,0.6666666666666666,0.2777777777777778,0.5,kegg
permutation 2,0.6666666666666666,0.1785714285714286,0.42857142857142855,kegg
permutation 2,0.3333333333333333,0.6666666666666667,0.5,kegg
permutation 2,0.7777777777777778,0.4444444444444444,0.6666666666666666,kegg
permutation 2,0.6666666666666666,0.4285714285714286,0.42857142857142855,kegg
permutation 2,0.4444444444444444,0.55,0.4,kegg
permutation 2,0.7777777777777778,0.7142857142857143,0.5,kegg
permutation 2,0.8888888888888888,0.875,0.5,kegg
permutation 2,0.6666666666666666,0.6,0.625,kegg
permutation 2,0.5555555555555556,0.7,0.5,kegg
permutation 2,0.7777777777777778,0.6428571428571429,0.5,kegg
permutation 2,0.6666666666666666,0.3055555555555555,0.5,kegg
permutation 2,0.6666666666666666,0.5555555555555556,0.5,kegg
permutation 2,0.6666666666666666,0.5,0.6071428571428572,kegg
permutation 2,0.6666666666666666,0.6944444444444445,0.5,kegg
permutation 2,0.5555555555555556,0.7142857142857143,0.7142857142857143,kegg
permutation 2,0.5555555555555556,0.45,0.5,kegg
permutation 2,0.5555555555555556,0.7,0.5,kegg
permutation 2,0.7777777777777778,0.14285714285714285,0.5,kegg
permutation 2,0.4444444444444444,0.1,0.5,kegg
permutation 2,0.6666666666666666,0.6785714285714286,0.6071428571428572,kegg
permutation 2,0.7777777777777778,0.5714285714285714,0.5,kegg
permutation 2,0.5555555555555556,0.4444444444444444,0.5,kegg
permutation 2,0.2222222222222222,0.225,0.225,kegg
permutation 3,0.6666666666666666,0.5625,0.375,kegg
permutation 3,0.7777777777777778,0.7142857142857143,0.5,kegg
permutation 3,0.6666666666666666,0.5,0.375,kegg
permutation 3,0.6666666666666666,0.5,0.5,kegg
permutation 3,0.8888888888888888,0.375,0.5,kegg
permutation 3,0.7777777777777778,0.1785714285714286,0.5,kegg
permutation 3,0.6666666666666666,0.1428571428571429,0.42857142857142855,kegg
permutation 3,0.6666666666666666,0.32142857142857145,0.42857142857142855,kegg
permutation 3,0.6666666666666666,0.5714285714285714,0.42857142857142855,kegg
permutation 3,0.6666666666666666,0.6875,0.8125,kegg
permutation 3,0.8888888888888888,0.625,0.5,kegg
permutation 3,0.6666666666666666,0.4642857142857143,0.42857142857142855,kegg
permutation 3,0.7777777777777778,0.888888888888889,0.6666666666666666,kegg
permutation 3,0.8888888888888888,0.375,0.5,kegg
permutation 3,0.7777777777777778,0.5,0.5,kegg
permutation 3,0.6666666666666666,0.5833333333333333,0.5,kegg
permutation 3,0.5555555555555556,0.2222222222222222,0.4166666666666667,kegg
permutation 3,0.5555555555555556,0.3214285714285714,0.35714285714285715,kegg
permutation 3,0.7777777777777778,0.375,0.4375,kegg
permutation 3,0.8888888888888888,0.6875,0.5,kegg
permutation 3,0.5555555555555556,0.3125,0.3125,kegg
permutation 3,0.5555555555555556,0.7222222222222223,0.4166666666666667,kegg
permutation 3,0.6666666666666666,0.41666666666666663,0.5,kegg
permutation 3,0.8888888888888888,1.0,0.75,kegg
permutation 3,0.7777777777777778,0.21428571428571427,0.5,kegg
permutation 4,0.6666666666666666,0.4444444444444444,0.5,kegg
permutation 4,0.7777777777777778,0.4444444444444444,0.6666666666666666,kegg
permutation 4,0.8888888888888888,0.375,0.5,kegg
permutation 4,0.8888888888888888,1.0,0.9285714285714286,kegg
permutation 4,0.5555555555555556,0.16666666666666663,0.4166666666666667,kegg
permutation 4,0.5555555555555556,0.6,0.5,kegg
permutation 4,0.8888888888888888,0.6785714285714286,0.75,kegg
permutation 4,0.6666666666666666,0.8055555555555556,0.5,kegg
permutation 4,0.4444444444444444,0.4285714285714286,0.2857142857142857,kegg
permutation 4,0.6666666666666666,0.6388888888888888,0.5833333333333334,kegg
permutation 4,0.6666666666666666,0.07142857142857145,0.42857142857142855,kegg
permutation 4,0.4444444444444444,0.4722222222222222,0.3333333333333333,kegg
permutation 4,0.6666666666666666,0.625,0.375,kegg
permutation 4,0.6666666666666666,0.25,0.375,kegg
permutation 4,0.7777777777777778,0.4642857142857143,0.5,kegg
permutation 4,0.6666666666666666,0.4285714285714286,0.42857142857142855,kegg
permutation 4,0.8888888888888888,0.7857142857142857,0.75,kegg
permutation 4,1.0,1.0,1.0,kegg
permutation 4,0.6666666666666666,0.5,0.42857142857142855,kegg
permutation 4,0.7777777777777778,0.5,0.5,kegg
permutation 4,0.6666666666666666,0.3333333333333333,0.5833333333333334,kegg
permutation 4,0.8888888888888888,0.125,0.5,kegg
permutation 4,0.7777777777777778,0.5714285714285714,0.5,kegg
permutation 4,0.6666666666666666,0.4375,0.375,kegg
permutation 4,0.8888888888888888,0.75,0.75,kegg
permutation 5,0.4444444444444444,0.6875,0.6875,kegg
permutation 5,0.7777777777777778,0.3125,0.4375,kegg
permutation 5,0.5555555555555556,0.2857142857142857,0.35714285714285715,kegg
permutation 5,0.6666666666666666,0.5555555555555556,0.5,kegg
permutation 5,0.6666666666666666,0.25,0.42857142857142855,kegg
permutation 5,0.8888888888888888,0.6875,0.5,kegg
permutation 5,0.7777777777777778,0.7857142857142857,0.5,kegg
permutation 5,0.8888888888888888,0.8214285714285714,0.75,kegg
permutation 5,0.5555555555555556,0.1875,0.3125,kegg
permutation 5,0.5555555555555556,0.47222222222222227,0.4166666666666667,kegg
permutation 5,0.7777777777777778,0.7142857142857142,0.5,kegg
permutation 5,0.5555555555555556,0.5249999999999999,0.5,kegg
permutation 5,0.7777777777777778,0.21428571428571427,0.5,kegg
permutation 5,0.7777777777777778,0.75,0.4375,kegg
permutation 5,0.6666666666666666,0.4722222222222222,0.5,kegg
permutation 5,0.7777777777777778,0.14285714285714285,0.5,kegg
permutation 5,0.6666666666666666,0.6666666666666667,0.6666666666666666,kegg
permutation 5,0.6666666666666666,0.3571428571428571,0.42857142857142855,kegg
permutation 5,0.3333333333333333,0.2142857142857143,0.21428571428571427,kegg
permutation 5,0.7777777777777778,0.375,0.4375,kegg
permutation 5,0.5555555555555556,0.7,0.5,kegg
permutation 5,0.7777777777777778,0.25,0.5,kegg
permutation 5,0.7777777777777778,0.25,0.4375,kegg
permutation 5,0.6666666666666666,0.75,0.42857142857142855,kegg
permutation 5,0.6666666666666666,0.14285714285714285,0.42857142857142855,kegg
permutation 6,0.6666666666666666,0.5,0.5,kegg
permutation 6,0.6666666666666666,0.5555555555555556,0.5,kegg
permutation 6,0.6666666666666666,0.6428571428571429,0.42857142857142855,kegg
permutation 6,0.7777777777777778,0.7857142857142857,0.5,kegg
permutation 6,0.7777777777777778,0.5714285714285714,0.5,kegg
permutation 6,0.7777777777777778,0.5714285714285714,0.6785714285714286,kegg
permutation 6,0.7777777777777778,0.25,0.4375,kegg
permutation 6,1.0,1.0,1.0,kegg
permutation 6,0.4444444444444444,0.11111111111111112,0.3333333333333333,kegg
permutation 6,0.5555555555555556,0.5,0.5,kegg
permutation 6,0.3333333333333333,0.25,0.25,kegg
permutation 6,0.2222222222222222,0.2857142857142857,0.14285714285714285,kegg
permutation 6,0.4444444444444444,0.3611111111111111,0.41666666666666663,kegg
permutation 6,0.6666666666666666,0.5277777777777778,0.5,kegg
permutation 6,0.7777777777777778,0.5714285714285714,0.5,kegg
permutation 6,0.8888888888888888,0.8125,0.5,kegg
permutation 6,0.8888888888888888,0.625,0.5,kegg
permutation 6,0.5555555555555556,0.475,0.5,kegg
permutation 6,0.6666666666666666,0.5,0.42857142857142855,kegg
permutation 6,0.6666666666666666,0.8333333333333334,0.5,kegg
permutation 6,0.6666666666666666,0.5833333333333333,0.5,kegg
permutation 6,0.6666666666666666,0.2857142857142857,0.42857142857142855,kegg
permutation 6,0.6666666666666666,0.6428571428571428,0.6071428571428572,kegg
permutation 6,0.6666666666666666,0.41666666666666663,0.5,kegg
permutation 6,0.5555555555555556,0.5357142857142857,0.5357142857142857,kegg
permutation 7,0.4444444444444444,0.42500000000000004,0.475,kegg
permutation 7,0.3333333333333333,0.5714285714285714,0.5714285714285714,kegg
permutation 7,0.8888888888888888,0.9375,0.9375,kegg
permutation 7,0.7777777777777778,0.1875,0.4375,kegg
permutation 7,0.5555555555555556,0.35,0.5,kegg
permutation 7,0.4444444444444444,0.1,0.4,kegg
permutation 7,0.5555555555555556,0.5,0.5,kegg
permutation 7,0.4444444444444444,0.41666666666666663,0.41666666666666663,kegg
permutation 7,0.5555555555555556,0.24999999999999997,0.5,kegg
permutation 7,0.7777777777777778,0.8214285714285714,0.5,kegg
permutation 7,0.4444444444444444,0.3611111111111111,0.3333333333333333,kegg
permutation 7,0.4444444444444444,0.0,0.2857142857142857,kegg
permutation 7,0.5555555555555556,0.3571428571428572,0.35714285714285715,kegg
permutation 7,0.6666666666666666,0.4285714285714286,0.42857142857142855,kegg
permutation 7,0.7777777777777778,0.0,0.5,kegg
permutation 7,0.5555555555555556,0.6666666666666667,0.4166666666666667,kegg
permutation 7,0.6666666666666666,0.28571428571428575,0.42857142857142855,kegg
permutation 7,0.6666666666666666,0.6111111111111112,0.5,kegg
permutation 7,0.4444444444444444,0.32142857142857145,0.2857142857142857,kegg
permutation 7,0.7777777777777778,0.8928571428571428,0.5,kegg
permutation 7,0.5555555555555556,0.32500000000000007,0.5,kegg
permutation 7,0.5555555555555556,0.4,0.5,kegg
permutation 7,0.6666666666666666,0.2222222222222222,0.5,kegg
permutation 7,0.5555555555555556,0.2142857142857143,0.35714285714285715,kegg
permutation 7,0.5555555555555556,0.3333333333333333,0.4166666666666667,kegg
permutation 8,0.5555555555555556,0.28571428571428575,0.35714285714285715,kegg
permutation 8,0.7777777777777778,0.625,0.4375,kegg
permutation 8,0.6666666666666666,0.4444444444444444,0.5,kegg
permutation 8,0.7777777777777778,0.8214285714285714,0.8571428571428572,kegg
permutation 8,0.7777777777777778,0.32142857142857145,0.5,kegg
permutation 8,0.7777777777777778,0.6111111111111112,0.6666666666666666,kegg
permutation 8,0.7777777777777778,0.2142857142857143,0.5,kegg
permutation 8,0.6666666666666666,0.575,0.675,kegg
permutation 8,0.7777777777777778,0.5625,0.4375,kegg
permutation 8,0.5555555555555556,0.5499999999999999,0.5,kegg
permutation 8,0.6666666666666666,0.3571428571428572,0.42857142857142855,kegg
permutation 8,0.5555555555555556,0.5750000000000001,0.525,kegg
permutation 8,0.8888888888888888,0.9375,0.5,kegg
permutation 8,0.6666666666666666,0.75,0.5,kegg
permutation 8,0.7777777777777778,0.5,0.5,kegg
permutation 8,0.4444444444444444,0.5,0.25,kegg
permutation 8,0.8888888888888888,0.1875,0.5,kegg
permutation 8,0.6666666666666666,0.2857142857142857,0.42857142857142855,kegg
permutation 8,0.6666666666666666,0.7222222222222222,0.5,kegg
permutation 8,0.8888888888888888,0.4375,0.5,kegg
permutation 8,0.6666666666666666,0.4444444444444444,0.5,kegg
permutation 8,0.6666666666666666,0.5,0.5,kegg
permutation 8,0.6666666666666666,0.7857142857142857,0.6071428571428572,kegg
permutation 8,0.7777777777777778,0.5,0.5,kegg
permutation 8,0.4444444444444444,0.65,0.4,kegg
permutation 9,0.5555555555555556,0.3,0.5,kegg
permutation 9,0.7777777777777778,0.7857142857142857,0.5,kegg
permutation 9,0.5555555555555556,0.3888888888888889,0.4166666666666667,kegg
permutation 9,0.5555555555555556,0.24999999999999997,0.5,kegg
permutation 9,0.8888888888888888,0.625,0.5,kegg
permutation 9,0.5555555555555556,0.6666666666666667,0.5,kegg
permutation 9,0.7777777777777778,0.25,0.4375,kegg
permutation 9,0.7777777777777778,0.7142857142857142,0.5,kegg
permutation 9,0.7777777777777778,0.2142857142857143,0.5,kegg
permutation 9,0.7777777777777778,0.4285714285714286,0.5,kegg
permutation 9,0.5555555555555556,0.875,0.5,kegg
permutation 9,1.0,1.0,1.0,kegg
permutation 9,0.7777777777777778,0.875,0.875,kegg
permutation 9,0.5555555555555556,0.35,0.5,kegg
permutation 9,0.8888888888888888,0.8571428571428572,0.75,kegg
permutation 9,0.8888888888888888,1.0,0.9375,kegg
permutation 9,0.5555555555555556,0.6666666666666667,0.4166666666666667,kegg
permutation 9,0.7777777777777778,0.9375,0.875,kegg
permutation 9,0.8888888888888888,0.125,0.5,kegg
permutation 9,0.6666666666666666,0.4285714285714286,0.42857142857142855,kegg
permutation 9,0.8888888888888888,1.0,0.5,kegg
permutation 9,0.6666666666666666,0.22222222222222224,0.5,kegg
permutation 9,0.4444444444444444,0.36111111111111105,0.3333333333333333,kegg
permutation 9,0.6666666666666666,0.16666666666666669,0.5,kegg
permutation 9,0.8888888888888888,0.3125,0.5,kegg
permutation 10,0.7777777777777778,0.6388888888888888,0.6666666666666666,kegg
permutation 10,0.4444444444444444,0.4444444444444445,0.3333333333333333,kegg
permutation 10,0.4444444444444444,0.16666666666666663,0.3333333333333333,kegg
permutation 10,0.5555555555555556,0.3,0.5,kegg
permutation 10,0.5555555555555556,0.5833333333333334,0.5,kegg
permutation 10,0.8888888888888888,0.75,0.5,kegg
permutation 10,0.4444444444444444,0.44999999999999996,0.475,kegg
permutation 10,0.6666666666666666,0.5,0.5,kegg
permutation 10,0.3333333333333333,0.39285714285714285,0.39285714285714285,kegg
permutation 10,0.8888888888888888,0.9285714285714285,0.75,kegg
permutation 10,0.7777777777777778,0.8571428571428572,0.5,kegg
permutation 10,0.4444444444444444,0.7250000000000001,0.5,kegg
permutation 10,0.6666666666666666,0.4444444444444444,0.5,kegg
permutation 10,0.4444444444444444,0.25,0.4,kegg
permutation 10,0.7777777777777778,0.6666666666666666,0.6666666666666666,kegg
permutation 10,0.6666666666666666,0.55,0.7,kegg
permutation 10,0.5555555555555556,0.7000000000000001,0.5,kegg
permutation 10,1.0,1.0,1.0,kegg
permutation 10,0.8888888888888888,0.9285714285714285,0.75,kegg
permutation 10,0.6666666666666666,0.33333333333333337,0.5,kegg
permutation 10,0.6666666666666666,0.75,0.375,kegg
permutation 10,0.7777777777777778,0.5,0.6785714285714286,kegg
permutation 10,0.5555555555555556,0.5,0.35714285714285715,kegg
permutation 10,0.8888888888888888,1.0,0.9285714285714286,kegg
permutation 10,0.5555555555555556,0.575,0.5,kegg
permutation 11,0.7777777777777778,0.0,0.4375,kegg
permutation 11,0.7777777777777778,0.5357142857142857,0.6785714285714286,kegg
permutation 11,0.7777777777777778,0.2857142857142857,0.5,kegg
permutation 11,0.4444444444444444,0.25,0.25,kegg
permutation 11,0.6666666666666666,0.4444444444444445,0.5,kegg
permutation 11,0.4444444444444444,0.4722222222222222,0.3333333333333333,kegg
permutation 11,0.5555555555555556,0.35714285714285715,0.35714285714285715,kegg
permutation 11,0.6666666666666666,0.6428571428571429,0.6071428571428572,kegg
permutation 11,0.8888888888888888,0.6785714285714286,0.75,kegg
permutation 11,0.4444444444444444,0.25,0.25,kegg
permutation 11,0.7777777777777778,0.7142857142857142,0.5,kegg
permutation 11,0.6666666666666666,0.3125,0.375,kegg
permutation 11,0.6666666666666666,0.41666666666666663,0.5,kegg
permutation 11,0.8888888888888888,0.8214285714285714,0.75,kegg
permutation 11,0.6666666666666666,0.4999999999999999,0.6666666666666666,kegg
permutation 11,0.5555555555555556,0.35714285714285715,0.35714285714285715,kegg
permutation 11,0.5555555555555556,0.3055555555555556,0.4166666666666667,kegg
permutation 11,0.7777777777777778,0.6666666666666666,0.6666666666666666,kegg
permutation 11,0.8888888888888888,0.9375,0.9375,kegg
permutation 11,0.6666666666666666,0.675,0.625,kegg
permutation 11,0.6666666666666666,0.5714285714285714,0.42857142857142855,kegg
permutation 11,0.6666666666666666,1.0,0.8125,kegg
permutation 11,0.4444444444444444,0.175,0.4,kegg
permutation 11,0.5555555555555556,0.4375,0.3125,kegg
permutation 11,0.6666666666666666,0.4722222222222222,0.5833333333333334,kegg
permutation 12,0.5555555555555556,0.625,0.3125,kegg
permutation 12,0.8888888888888888,0.375,0.5,kegg
permutation 12,0.6666666666666666,0.5,0.5,kegg
permutation 12,0.7777777777777778,0.25,0.4375,kegg
permutation 12,0.6666666666666666,0.5,0.375,kegg
permutation 12,0.5555555555555556,0.6,0.6,kegg
permutation 12,0.5555555555555556,0.675,0.5,kegg
permutation 12,0.6666666666666666,0.5,0.5,kegg
permutation 12,0.4444444444444444,0.25,0.25,kegg
permutation 12,0.7777777777777778,0.25,0.4375,kegg
permutation 12,0.4444444444444444,0.05555555555555554,0.3333333333333333,kegg
permutation 12,0.4444444444444444,0.32142857142857145,0.2857142857142857,kegg
permutation 12,0.7777777777777778,0.2142857142857143,0.5,kegg
permutation 12,0.8888888888888888,0.125,0.5,kegg
permutation 12,0.5555555555555556,0.75,0.75,kegg
permutation 12,0.5555555555555556,0.4,0.5,kegg
permutation 12,0.8888888888888888,1.0,0.9375,kegg
permutation 12,0.5555555555555556,0.5499999999999999,0.525,kegg
permutation 12,0.6666666666666666,0.7857142857142857,0.42857142857142855,kegg
permutation 12,0.5555555555555556,0.4444444444444444,0.4166666666666667,kegg
permutation 12,0.4444444444444444,0.375,0.5,kegg
permutation 12,0.5555555555555556,0.775,0.5,kegg
permutation 12,0.6666666666666666,0.42857142857142855,0.6071428571428572,kegg
permutation 12,0.5555555555555556,0.19999999999999998,0.5,kegg
permutation 12,0.8888888888888888,0.25,0.5,kegg
permutation 13,0.8888888888888888,0.1875,0.5,kegg
permutation 13,0.5555555555555556,0.2142857142857143,0.35714285714285715,kegg
permutation 13,0.4444444444444444,0.3,0.5,kegg
permutation 13,0.7777777777777778,0.14285714285714285,0.5,kegg
permutation 13,0.6666666666666666,0.16666666666666666,0.5,kegg
permutation 13,0.3333333333333333,0.39285714285714285,0.39285714285714285,kegg
permutation 13,0.5555555555555556,0.4166666666666667,0.4166666666666667,kegg
permutation 13,0.5555555555555556,0.625,0.3125,kegg
permutation 13,0.7777777777777778,0.4285714285714286,0.5,kegg
permutation 13,0.7777777777777778,0.5833333333333333,0.6666666666666666,kegg
permutation 13,0.5555555555555556,0.11111111111111108,0.4166666666666667,kegg
permutation 13,0.3333333333333333,0.41666666666666674,0.5,kegg
permutation 13,0.6666666666666666,0.11111111111111112,0.5,kegg
permutation 13,0.6666666666666666,0.07142857142857145,0.42857142857142855,kegg
permutation 13,0.7777777777777778,0.2857142857142857,0.5,kegg
permutation 13,0.6666666666666666,0.49999999999999994,0.5,kegg
permutation 13,0.6666666666666666,0.19444444444444445,0.5,kegg
permutation 13,0.5555555555555556,0.2777777777777778,0.4166666666666667,kegg
permutation 13,0.7777777777777778,0.3928571428571429,0.5,kegg
permutation 13,0.6666666666666666,0.3888888888888889,0.5,kegg
permutation 13,0.7777777777777778,0.5714285714285714,0.5,kegg
permutation 13,0.6666666666666666,0.5277777777777778,0.5,kegg
permutation 13,0.8888888888888888,0.875,0.5,kegg
permutation 13,0.5555555555555556,0.5,0.5,kegg
permutation 13,0.6666666666666666,0.16666666666666663,0.5,kegg
permutation 14,0.4444444444444444,0.425,0.4,kegg
permutation 14,0.6666666666666666,0.6666666666666666,0.5,kegg
permutation 14,0.6666666666666666,0.7222222222222222,0.5833333333333334,kegg
permutation 14,0.7777777777777778,0.6111111111111112,0.6666666666666666,kegg
permutation 14,0.3333333333333333,0.27777777777777785,0.5,kegg
permutation 14,0.8888888888888888,0.875,0.5,kegg
permutation 14,0.7777777777777778,0.14285714285714285,0.5,kegg
permutation 14,1.0,1.0,1.0,kegg
permutation 14,0.8888888888888888,0.4375,0.5,kegg
permutation 14,0.4444444444444444,0.19444444444444442,0.3333333333333333,kegg
permutation 14,0.8888888888888888,0.625,0.5,kegg
permutation 14,0.6666666666666666,0.41666666666666663,0.5833333333333334,kegg
permutation 14,0.7777777777777778,0.5,0.5,kegg
permutation 14,0.5555555555555556,0.17857142857142858,0.35714285714285715,kegg
permutation 14,0.7777777777777778,0.2142857142857143,0.5,kegg
permutation 14,0.7777777777777778,0.35714285714285715,0.5,kegg
permutation 14,0.5555555555555556,0.49999999999999994,0.4166666666666667,kegg
permutation 14,0.7777777777777778,0.8571428571428572,0.5,kegg
permutation 14,0.4444444444444444,0.4285714285714286,0.2857142857142857,kegg
permutation 14,0.5555555555555556,0.5277777777777778,0.4166666666666667,kegg
permutation 14,0.8888888888888888,0.5,0.75,kegg
permutation 14,0.6666666666666666,0.5,0.42857142857142855,kegg
permutation 14,0.6666666666666666,0.5833333333333333,0.5,kegg
permutation 14,0.7777777777777778,0.7142857142857143,0.5,kegg
permutation 14,0.6666666666666666,0.2777777777777778,0.5,kegg
permutation 15,0.5555555555555556,0.475,0.5,kegg
permutation 15,0.3333333333333333,0.25,0.3,kegg
permutation 15,0.6666666666666666,0.3571428571428572,0.42857142857142855,kegg
permutation 15,0.7777777777777778,0.4285714285714286,0.5,kegg
permutation 15,0.5555555555555556,0.5714285714285714,0.35714285714285715,kegg
permutation 15,0.7777777777777778,0.125,0.4375,kegg
permutation 15,0.6666666666666666,0.38888888888888884,0.5,kegg
permutation 15,0.4444444444444444,0.10714285714285718,0.2857142857142857,kegg
permutation 15,0.7777777777777778,0.7142857142857143,0.5,kegg
permutation 15,0.5555555555555556,0.25,0.5,kegg
permutation 15,0.5555555555555556,0.85,0.5,kegg
permutation 15,0.2222222222222222,0.14285714285714285,0.14285714285714285,kegg
permutation 15,0.7777777777777778,0.35714285714285715,0.5,kegg
permutation 15,0.5555555555555556,0.5357142857142858,0.35714285714285715,kegg
permutation 15,0.8888888888888888,0.375,0.5,kegg
permutation 15,1.0,1.0,1.0,kegg
permutation 15,0.7777777777777778,0.7857142857142857,0.5,kegg
permutation 15,0.7777777777777778,0.7142857142857143,0.5,kegg
permutation 15,0.7777777777777778,0.125,0.4375,kegg
permutation 15,0.7777777777777778,0.35714285714285715,0.5,kegg
permutation 15,0.7777777777777778,0.7777777777777779,0.6666666666666666,kegg
permutation 15,0.6666666666666666,0.375,0.375,kegg
permutation 15,0.5555555555555556,0.6749999999999999,0.5,kegg
permutation 15,0.7777777777777778,0.17857142857142858,0.5,kegg
permutation 15,0.8888888888888888,1.0,0.9285714285714286,kegg
permutation 16,0.8888888888888888,0.875,0.9375,kegg
permutation 16,0.6666666666666666,0.2142857142857143,0.42857142857142855,kegg
permutation 16,0.5555555555555556,0.4642857142857143,0.35714285714285715,kegg
permutation 16,0.7777777777777778,0.4285714285714286,0.5,kegg
permutation 16,0.6666666666666666,0.6388888888888888,0.5,kegg
permutation 16,0.8888888888888888,0.75,0.5,kegg
permutation 16,0.7777777777777778,0.0,0.4375,kegg
permutation 16,0.6666666666666666,0.7222222222222222,0.5,kegg
permutation 16,0.5555555555555556,0.05555555555555554,0.4166666666666667,kegg
permutation 16,0.5555555555555556,0.6071428571428572,0.35714285714285715,kegg
permutation 16,0.6666666666666666,0.75,0.625,kegg
permutation 16,0.6666666666666666,0.0,0.42857142857142855,kegg
permutation 16,0.6666666666666666,0.4444444444444444,0.5,kegg
permutation 16,0.7777777777777778,0.7857142857142857,0.5,kegg
permutation 16,0.7777777777777778,0.7777777777777778,0.75,kegg
permutation 16,0.7777777777777778,0.5,0.4375,kegg
permutation 16,0.4444444444444444,0.5277777777777778,0.3333333333333333,kegg
permutation 16,0.7777777777777778,0.8928571428571428,0.5,kegg
permutation 16,0.2222222222222222,0.16666666666666669,0.16666666666666666,kegg
permutation 16,0.8888888888888888,0.9375,0.9375,kegg
permutation 16,0.6666666666666666,0.75,0.5,kegg
permutation 16,0.5555555555555556,0.125,0.3125,kegg
permutation 16,0.5555555555555556,0.39999999999999997,0.5,kegg
permutation 16,0.6666666666666666,0.75,0.6071428571428572,kegg
permutation 16,0.5555555555555556,0.17857142857142858,0.35714285714285715,kegg
permutation 17,0.7777777777777778,0.3214285714285714,0.5,kegg
permutation 17,0.6666666666666666,0.125,0.375,kegg
permutation 17,0.7777777777777778,0.7777777777777778,0.6666666666666666,kegg
permutation 17,0.6666666666666666,0.5833333333333334,0.5833333333333334,kegg
permutation 17,0.8888888888888888,0.8928571428571428,0.75,kegg
permutation 17,0.5555555555555556,0.75,0.75,kegg
permutation 17,0.8888888888888888,0.5,0.5,kegg
permutation 17,0.7777777777777778,0.888888888888889,0.8333333333333333,kegg
permutation 17,0.4444444444444444,0.39999999999999997,0.4,kegg
permutation 17,0.5555555555555556,0.25,0.4166666666666667,kegg
permutation 17,0.6666666666666666,0.6388888888888888,0.5,kegg
permutation 17,0.4444444444444444,0.7,0.5,kegg
permutation 17,0.6666666666666666,0.611111111111111,0.5,kegg
permutation 17,0.1111111111111111,0.10714285714285718,0.07142857142857142,kegg
permutation 17,0.6666666666666666,0.6666666666666667,0.5,kegg
permutation 17,0.5555555555555556,0.29999999999999993,0.5,kegg
permutation 17,0.7777777777777778,0.4285714285714286,0.5,kegg
permutation 17,0.6666666666666666,0.2857142857142857,0.42857142857142855,kegg
permutation 17,0.8888888888888888,1.0,0.9375,kegg
permutation 17,0.6666666666666666,0.2777777777777778,0.5,kegg
permutation 17,0.5555555555555556,0.32142857142857145,0.35714285714285715,kegg
permutation 17,0.5555555555555556,0.375,0.5,kegg
permutation 17,0.5555555555555556,0.4722222222222222,0.4166666666666667,kegg
permutation 17,0.5555555555555556,0.4285714285714286,0.5357142857142857,kegg
permutation 17,0.7777777777777778,0.5714285714285714,0.5,kegg
permutation 18,0.7777777777777778,1.0,0.875,kegg
permutation 18,0.6666666666666666,0.6666666666666666,0.5,kegg
permutation 18,0.7777777777777778,0.35714285714285715,0.5,kegg
permutation 18,0.5555555555555556,0.2142857142857143,0.35714285714285715,kegg
permutation 18,0.5555555555555556,0.5833333333333334,0.4166666666666667,kegg
permutation 18,0.7777777777777778,0.5714285714285714,0.6785714285714286,kegg
permutation 18,0.6666666666666666,0.6071428571428572,0.42857142857142855,kegg
permutation 18,0.6666666666666666,1.0,0.5,kegg
permutation 18,0.3333333333333333,0.3888888888888889,0.3333333333333333,kegg
permutation 18,0.6666666666666666,0.2857142857142857,0.42857142857142855,kegg
permutation 18,0.8888888888888888,0.0,0.5,kegg
permutation 18,0.4444444444444444,0.38888888888888884,0.3333333333333333,kegg
permutation 18,0.8888888888888888,0.0,0.5,kegg
permutation 18,0.5555555555555556,0.7222222222222223,0.4166666666666667,kegg
permutation 18,0.7777777777777778,0.625,0.4375,kegg
permutation 18,1.0,1.0,1.0,kegg
permutation 18,0.7777777777777778,0.875,0.4375,kegg
permutation 18,0.6666666666666666,0.38888888888888884,0.5,kegg
permutation 18,0.5555555555555556,0.75,0.5,kegg
permutation 18,0.5555555555555556,0.5249999999999999,0.5,kegg
permutation 18,0.6666666666666666,0.75,0.375,kegg
permutation 18,0.5555555555555556,0.5750000000000001,0.5,kegg
permutation 18,0.4444444444444444,0.4285714285714286,0.2857142857142857,kegg
permutation 18,0.7777777777777778,0.625,0.4375,kegg
permutation 18,0.5555555555555556,0.575,0.5,kegg
permutation 19,0.7777777777777778,0.4285714285714286,0.5,kegg
permutation 19,0.7777777777777778,0.5714285714285714,0.5,kegg
permutation 19,0.3333333333333333,0.21428571428571427,0.21428571428571427,kegg
permutation 19,0.7777777777777778,0.4642857142857143,0.5,kegg
permutation 19,0.6666666666666666,0.4444444444444444,0.5,kegg
permutation 19,0.7777777777777778,0.10714285714285718,0.5,kegg
permutation 19,0.8888888888888888,0.5,0.75,kegg
permutation 19,0.3333333333333333,0.16666666666666663,0.25,kegg
permutation 19,0.8888888888888888,0.8214285714285714,0.75,kegg
permutation 19,0.4444444444444444,0.1785714285714286,0.2857142857142857,kegg
permutation 19,0.5555555555555556,0.7,0.5,kegg
permutation 19,0.7777777777777778,0.32142857142857145,0.5,kegg
permutation 19,0.6666666666666666,0.6111111111111112,0.5,kegg
permutation 19,0.5555555555555556,0.27499999999999997,0.5,kegg
permutation 19,0.6666666666666666,0.75,0.5,kegg
permutation 19,0.6666666666666666,0.575,0.625,kegg
permutation 19,0.4444444444444444,0.47500000000000003,0.5,kegg
permutation 19,0.6666666666666666,0.27777777777777773,0.5,kegg
permutation 19,0.7777777777777778,0.28571428571428575,0.5,kegg
permutation 19,0.4444444444444444,0.44444444444444453,0.5833333333333334,kegg
permutation 19,0.6666666666666666,0.9444444444444445,0.5,kegg
permutation 19,0.6666666666666666,0.35714285714285715,0.42857142857142855,kegg
permutation 19,0.6666666666666666,0.4166666666666667,0.5,kegg
permutation 19,0.4444444444444444,0.05,0.4,kegg
permutation 19,0.8888888888888888,0.1875,0.5,kegg
permutation 20,0.5555555555555556,0.55,0.5,kegg
permutation 20,0.5555555555555556,0.2857142857142857,0.35714285714285715,kegg
permutation 20,0.5555555555555556,0.3571428571428572,0.35714285714285715,kegg
permutation 20,0.7777777777777778,0.5,0.5,kegg
permutation 20,0.7777777777777778,0.7222222222222222,0.6666666666666666,kegg
permutation 20,0.5555555555555556,0.3611111111111111,0.4166666666666667,kegg
permutation 20,0.5555555555555556,0.45,0.5,kegg
permutation 20,0.4444444444444444,0.49999999999999994,0.41666666666666663,kegg
permutation 20,0.6666666666666666,0.02777777777777777,0.5,kegg
permutation 20,0.5555555555555556,0.6944444444444444,0.4166666666666667,kegg
permutation 20,0.6666666666666666,0.0,0.42857142857142855,kegg
permutation 20,0.6666666666666666,0.3333333333333333,0.5,kegg
permutation 20,0.6666666666666666,0.4444444444444444,0.5833333333333334,kegg
permutation 20,0.7777777777777778,0.7857142857142857,0.5,kegg
permutation 20,0.4444444444444444,0.5,0.5,kegg
permutation 20,0.8888888888888888,0.875,0.5,kegg
permutation 20,0.7777777777777778,0.75,0.5,kegg
permutation 20,0.5555555555555556,0.6428571428571429,0.35714285714285715,kegg
permutation 20,0.4444444444444444,0.16666666666666663,0.3333333333333333,kegg
permutation 20,1.0,1.0,1.0,kegg
permutation 20,0.7777777777777778,0.5,0.6666666666666666,kegg
permutation 20,0.7777777777777778,0.7142857142857143,0.5,kegg
permutation 20,0.5555555555555556,0.675,0.5,kegg
permutation 20,0.5555555555555556,0.41666666666666663,0.4166666666666667,kegg
permutation 20,0.6666666666666666,0.3333333333333333,0.5,kegg
permutation 21,0.5555555555555556,0.39999999999999997,0.5,kegg
permutation 21,0.6666666666666666,0.625,0.375,kegg
permutation 21,0.5555555555555556,0.0625,0.3125,kegg
permutation 21,0.5555555555555556,0.35,0.5,kegg
permutation 21,0.7777777777777778,0.6071428571428571,0.5,kegg
permutation 21,0.5555555555555556,0.475,0.5,kegg
permutation 21,0.5555555555555556,0.41666666666666663,0.4166666666666667,kegg
permutation 21,0.7777777777777778,1.0,0.5,kegg
permutation 21,0.4444444444444444,0.5,0.5,kegg
permutation 21,0.7777777777777778,0.6428571428571429,0.5,kegg
permutation 21,0.6666666666666666,0.5555555555555556,0.5,kegg
permutation 21,0.6666666666666666,0.1875,0.375,kegg
permutation 21,0.6666666666666666,0.6388888888888888,0.5833333333333334,kegg
permutation 21,0.5555555555555556,0.22222222222222224,0.4166666666666667,kegg
permutation 21,0.7777777777777778,0.4285714285714286,0.5,kegg
permutation 21,0.4444444444444444,0.1785714285714286,0.2857142857142857,kegg
permutation 21,0.2222222222222222,0.14285714285714285,0.14285714285714285,kegg
permutation 21,0.7777777777777778,0.6785714285714286,0.5,kegg
permutation 21,0.6666666666666666,0.125,0.375,kegg
permutation 21,0.6666666666666666,0.41666666666666663,0.5,kegg
permutation 21,0.6666666666666666,0.2777777777777778,0.5,kegg
permutation 21,0.8888888888888888,0.9285714285714286,0.75,kegg
permutation 21,0.6666666666666666,0.6666666666666667,0.5,kegg
permutation 21,0.7777777777777778,0.8928571428571429,0.5,kegg
permutation 21,0.5555555555555556,0.5357142857142857,0.35714285714285715,kegg
permutation 22,0.8888888888888888,0.6875,0.5,kegg
permutation 22,0.6666666666666666,0.6785714285714286,0.42857142857142855,kegg
permutation 22,0.7777777777777778,0.7222222222222222,0.75,kegg
permutation 22,0.5555555555555556,0.8125,0.75,kegg
permutation 22,0.4444444444444444,0.2857142857142857,0.2857142857142857,kegg
permutation 22,0.6666666666666666,0.2222222222222222,0.5,kegg
permutation 22,0.4444444444444444,0.14999999999999997,0.4,kegg
permutation 22,0.7777777777777778,0.25,0.4375,kegg
permutation 22,0.5555555555555556,0.14285714285714285,0.35714285714285715,kegg
permutation 22,0.6666666666666666,0.5277777777777778,0.5,kegg
permutation 22,0.7777777777777778,0.4375,0.4375,kegg
permutation 22,0.7777777777777778,0.5,0.5,kegg
permutation 22,0.8888888888888888,1.0,0.5,kegg
permutation 22,0.6666666666666666,0.4444444444444444,0.5,kegg
permutation 22,0.6666666666666666,0.75,0.5,kegg
permutation 22,0.4444444444444444,0.2857142857142857,0.2857142857142857,kegg
permutation 22,0.8888888888888888,0.8125,0.5,kegg
permutation 22,0.4444444444444444,0.42500000000000004,0.5,kegg
permutation 22,0.4444444444444444,0.4,0.5,kegg
permutation 22,0.3333333333333333,0.10714285714285718,0.21428571428571427,kegg
permutation 22,0.6666666666666666,0.375,0.375,kegg
permutation 22,0.8888888888888888,0.5,0.75,kegg
permutation 22,0.7777777777777778,0.8571428571428572,0.5,kegg
permutation 22,0.4444444444444444,0.15,0.4,kegg
permutation 22,0.6666666666666666,0.4285714285714286,0.42857142857142855,kegg
permutation 23,0.6666666666666666,0.6944444444444444,0.5,kegg
permutation 23,0.7777777777777778,0.32142857142857145,0.5,kegg
permutation 23,0.7777777777777778,0.8571428571428571,0.6785714285714286,kegg
permutation 23,0.3333333333333333,0.4444444444444444,0.25,kegg
permutation 23,0.6666666666666666,0.6666666666666666,0.5,kegg
permutation 23,0.5555555555555556,0.7,0.5,kegg
permutation 23,0.7777777777777778,0.7142857142857143,0.5,kegg
permutation 23,0.7777777777777778,0.6944444444444444,0.75,kegg
permutation 23,0.7777777777777778,0.5,0.5,kegg
permutation 23,0.5555555555555556,0.25,0.4166666666666667,kegg
permutation 23,0.6666666666666666,0.6428571428571428,0.42857142857142855,kegg
permutation 23,0.5555555555555556,0.4285714285714286,0.35714285714285715,kegg
permutation 23,0.4444444444444444,0.6875,0.6875,kegg
permutation 23,0.7777777777777778,0.125,0.4375,kegg
permutation 23,0.8888888888888888,0.375,0.5,kegg
permutation 23,0.4444444444444444,0.42857142857142855,0.2857142857142857,kegg
permutation 23,0.7777777777777778,0.25,0.4375,kegg
permutation 23,0.6666666666666666,0.30555555555555547,0.5,kegg
permutation 23,0.3333333333333333,0.32499999999999996,0.325,kegg
permutation 23,0.6666666666666666,0.6666666666666667,0.5,kegg
permutation 23,0.5555555555555556,0.49999999999999994,0.5,kegg
permutation 23,0.7777777777777778,1.0,0.875,kegg
permutation 23,0.7777777777777778,0.5,0.5,kegg
permutation 23,0.6666666666666666,0.33333333333333337,0.5,kegg
permutation 23,0.4444444444444444,0.3333333333333333,0.3333333333333333,kegg
permutation 24,0.6666666666666666,0.5833333333333334,0.5,kegg
permutation 24,0.6666666666666666,0.13888888888888887,0.5,kegg
permutation 24,0.6666666666666666,0.5277777777777778,0.5,kegg
permutation 24,0.4444444444444444,0.5833333333333333,0.5833333333333334,kegg
permutation 24,0.7777777777777778,0.625,0.4375,kegg
permutation 24,0.6666666666666666,0.125,0.375,kegg
permutation 24,0.7777777777777778,0.25,0.5,kegg
permutation 24,0.6666666666666666,0.5833333333333334,0.5833333333333334,kegg
permutation 24,0.5555555555555556,0.16666666666666666,0.4166666666666667,kegg
permutation 24,0.7777777777777778,0.6071428571428572,0.5,kegg
permutation 24,0.6666666666666666,0.625,0.375,kegg
permutation 24,0.7777777777777778,0.32142857142857145,0.5,kegg
permutation 24,0.4444444444444444,0.0,0.2857142857142857,kegg
permutation 24,0.5555555555555556,0.55,0.5,kegg
permutation 24,0.4444444444444444,0.42500000000000004,0.5,kegg
permutation 24,0.6666666666666666,0.4642857142857143,0.42857142857142855,kegg
permutation 24,0.5555555555555556,0.25,0.5,kegg
permutation 24,0.5555555555555556,0.3928571428571429,0.35714285714285715,kegg
permutation 24,0.5555555555555556,0.5833333333333333,0.5833333333333333,kegg
permutation 24,0.6666666666666666,0.2222222222222222,0.5,kegg
permutation 24,0.4444444444444444,0.3,0.4,kegg
permutation 24,0.7777777777777778,0.5357142857142857,0.5,kegg
permutation 24,0.5555555555555556,0.7250000000000001,0.5,kegg
permutation 24,0.7777777777777778,0.4285714285714286,0.5,kegg
permutation 24,0.6666666666666666,0.7222222222222222,0.5,kegg
original,0.6666666666666666,0.888888888888889,0.5,vogelstein
original,0.7777777777777778,0.8571428571428572,0.5,vogelstein
original,0.8888888888888888,0.8333333333333334,0.9166666666666667,vogelstein
original,0.7777777777777778,0.125,0.4375,vogelstein
original,0.8888888888888888,0.5,0.5,vogelstein
original,0.4444444444444444,0.85,0.5,vogelstein
original,0.7777777777777778,1.0,0.5,vogelstein
original,0.6666666666666666,0.9444444444444444,0.5,vogelstein
original,0.6666666666666666,0.3888888888888889,0.5,vogelstein
original,0.6666666666666666,0.33333333333333337,0.5,vogelstein
original,1.0,1.0,1.0,vogelstein
original,0.6666666666666666,0.75,0.75,vogelstein
original,0.7777777777777778,0.9285714285714286,0.5,vogelstein
original,1.0,1.0,1.0,vogelstein
original,0.7777777777777778,0.2857142857142857,0.5,vogelstein
original,0.6666666666666666,0.07142857142857145,0.42857142857142855,vogelstein
original,0.7777777777777778,0.6785714285714286,0.5,vogelstein
original,1.0,1.0,1.0,vogelstein
original,0.8888888888888888,0.6071428571428572,0.75,vogelstein
original,0.6666666666666666,0.4285714285714286,0.42857142857142855,vogelstein
original,0.8888888888888888,0.8571428571428572,0.75,vogelstein
original,0.5555555555555556,0.42857142857142855,0.35714285714285715,vogelstein
original,0.4444444444444444,0.4,0.4,vogelstein
original,0.7777777777777778,0.6666666666666666,0.6666666666666666,vogelstein
original,0.8888888888888888,0.875,0.5,vogelstein
permutation 0,0.4444444444444444,0.6,0.4,vogelstein
permutation 0,0.7777777777777778,0.07142857142857145,0.5,vogelstein
permutation 0,0.6666666666666666,0.888888888888889,0.5,vogelstein
permutation 0,0.6666666666666666,0.5,0.6071428571428572,vogelstein
permutation 0,0.6666666666666666,0.35714285714285715,0.42857142857142855,vogelstein
permutation 0,0.7777777777777778,0.5555555555555556,0.6666666666666666,vogelstein
permutation 0,0.6666666666666666,0.7,0.625,vogelstein
permutation 0,0.6666666666666666,0.7222222222222222,0.5,vogelstein
permutation 0,0.5555555555555556,0.5555555555555556,0.4166666666666667,vogelstein
permutation 0,0.4444444444444444,0.6000000000000001,0.5,vogelstein
permutation 0,0.7777777777777778,0.5,0.5,vogelstein
permutation 0,0.5555555555555556,0.35,0.5,vogelstein
permutation 0,0.7777777777777778,0.775,0.75,vogelstein
permutation 0,0.4444444444444444,0.22499999999999998,0.4,vogelstein
permutation 0,0.7777777777777778,0.14285714285714285,0.5,vogelstein
permutation 0,0.7777777777777778,0.8571428571428572,0.5,vogelstein
permutation 0,0.5555555555555556,0.7142857142857143,0.7142857142857143,vogelstein
permutation 0,0.4444444444444444,0.6875,0.6875,vogelstein
permutation 0,0.2222222222222222,0.2,0.2,vogelstein
permutation 0,0.3333333333333333,0.4444444444444444,0.3333333333333333,vogelstein
permutation 0,1.0,1.0,1.0,vogelstein
permutation 0,0.4444444444444444,0.30000000000000004,0.5,vogelstein
permutation 0,0.6666666666666666,0.5277777777777778,0.5,vogelstein
permutation 0,0.6666666666666666,0.4722222222222222,0.5833333333333334,vogelstein
permutation 0,0.6666666666666666,0.4285714285714286,0.6071428571428572,vogelstein
permutation 1,0.8888888888888888,0.5,0.5,vogelstein
permutation 1,0.6666666666666666,0.75,0.5,vogelstein
permutation 1,0.6666666666666666,0.5,0.5,vogelstein
permutation 1,0.5555555555555556,0.4722222222222222,0.5,vogelstein
permutation 1,0.6666666666666666,0.9444444444444444,0.5,vogelstein
permutation 1,0.6666666666666666,1.0,0.5,vogelstein
permutation 1,0.7777777777777778,0.8571428571428571,0.8571428571428572,vogelstein
permutation 1,0.7777777777777778,0.7142857142857143,0.6785714285714286,vogelstein
permutation 1,0.4444444444444444,0.25,0.2857142857142857,vogelstein
permutation 1,0.7777777777777778,1.0,0.5,vogelstein
permutation 1,0.5555555555555556,0.5,0.525,vogelstein
permutation 1,0.6666666666666666,0.888888888888889,0.5,vogelstein
permutation 1,0.7777777777777778,0.9285714285714286,0.5,vogelstein
permutation 1,0.6666666666666666,0.2777777777777778,0.5,vogelstein
permutation 1,0.5555555555555556,0.75,0.5,vogelstein
permutation 1,0.7777777777777778,0.5,0.5,vogelstein
permutation 1,0.6666666666666666,0.6944444444444444,0.5,vogelstein
permutation 1,0.8888888888888888,0.75,0.5,vogelstein
permutation 1,0.6666666666666666,0.4444444444444445,0.5,vogelstein
permutation 1,0.8888888888888888,0.1875,0.5,vogelstein
permutation 1,0.5555555555555556,0.6428571428571428,0.35714285714285715,vogelstein
permutation 1,0.6666666666666666,0.4444444444444444,0.5,vogelstein
permutation 1,0.6666666666666666,0.6785714285714285,0.42857142857142855,vogelstein
permutation 1,0.7777777777777778,0.9642857142857142,0.5,vogelstein
permutation 1,0.5555555555555556,0.5555555555555556,0.5,vogelstein
permutation 2,0.6666666666666666,0.888888888888889,0.5833333333333334,vogelstein
permutation 2,0.7777777777777778,0.7142857142857143,0.6785714285714286,vogelstein
permutation 2,0.4444444444444444,0.4,0.4,vogelstein
permutation 2,0.7777777777777778,0.8571428571428572,0.5,vogelstein
permutation 2,0.7777777777777778,0.6666666666666666,0.6666666666666666,vogelstein
permutation 2,0.8888888888888888,0.1875,0.5,vogelstein
permutation 2,0.6666666666666666,0.75,0.375,vogelstein
permutation 2,0.6666666666666666,0.7222222222222222,0.5,vogelstein
permutation 2,0.6666666666666666,0.5,0.42857142857142855,vogelstein
permutation 2,0.6666666666666666,0.8571428571428572,0.42857142857142855,vogelstein
permutation 2,0.6666666666666666,0.9444444444444444,0.5,vogelstein
permutation 2,0.6666666666666666,0.7222222222222222,0.5,vogelstein
permutation 2,0.6666666666666666,0.725,0.625,vogelstein
permutation 2,1.0,1.0,1.0,vogelstein
permutation 2,0.8888888888888888,0.6071428571428572,0.75,vogelstein
permutation 2,0.4444444444444444,0.725,0.5,vogelstein
permutation 2,0.6666666666666666,0.6666666666666666,0.5833333333333334,vogelstein
permutation 2,0.6666666666666666,0.8055555555555556,0.5,vogelstein
permutation 2,0.7777777777777778,0.7777777777777779,0.6666666666666666,vogelstein
permutation 2,0.7777777777777778,0.875,0.4375,vogelstein
permutation 2,0.6666666666666666,0.2857142857142857,0.42857142857142855,vogelstein
permutation 2,0.6666666666666666,0.19444444444444442,0.5,vogelstein
permutation 2,0.8888888888888888,0.375,0.5,vogelstein
permutation 2,0.5555555555555556,0.5625,0.3125,vogelstein
permutation 2,0.7777777777777778,0.5714285714285714,0.5,vogelstein
permutation 3,0.5555555555555556,0.2777777777777778,0.4166666666666667,vogelstein
permutation 3,0.6666666666666666,0.575,0.625,vogelstein
permutation 3,0.5555555555555556,0.6071428571428572,0.35714285714285715,vogelstein
permutation 3,0.7777777777777778,0.5357142857142857,0.5,vogelstein
permutation 3,0.5555555555555556,0.14285714285714285,0.35714285714285715,vogelstein
permutation 3,0.8888888888888888,0.0,0.5,vogelstein
permutation 3,0.7777777777777778,0.7142857142857143,0.5,vogelstein
permutation 3,0.5555555555555556,0.5,0.35714285714285715,vogelstein
permutation 3,0.8888888888888888,0.875,0.5,vogelstein
permutation 3,0.7777777777777778,0.5,0.5,vogelstein
permutation 3,0.4444444444444444,0.25,0.25,vogelstein
permutation 3,0.6666666666666666,0.2777777777777778,0.5,vogelstein
permutation 3,0.6666666666666666,0.5833333333333334,0.5833333333333334,vogelstein
permutation 3,0.6666666666666666,0.625,0.375,vogelstein
permutation 3,0.6666666666666666,0.5,0.42857142857142855,vogelstein
permutation 3,0.6666666666666666,0.4285714285714286,0.42857142857142855,vogelstein
permutation 3,0.7777777777777778,0.6785714285714286,0.5,vogelstein
permutation 3,0.6666666666666666,0.675,0.675,vogelstein
permutation 3,0.7777777777777778,0.7857142857142857,0.6785714285714286,vogelstein
permutation 3,0.8888888888888888,0.125,0.5,vogelstein
permutation 3,0.6666666666666666,0.4285714285714286,0.42857142857142855,vogelstein
permutation 3,0.8888888888888888,0.9285714285714286,0.75,vogelstein
permutation 3,0.6666666666666666,0.611111111111111,0.5833333333333334,vogelstein
permutation 3,0.6666666666666666,0.38888888888888884,0.5,vogelstein
permutation 3,0.6666666666666666,0.5555555555555556,0.5,vogelstein
permutation 4,0.5555555555555556,0.21428571428571427,0.35714285714285715,vogelstein
permutation 4,0.7777777777777778,0.8214285714285714,0.5,vogelstein
permutation 4,0.7777777777777778,0.9285714285714285,0.5,vogelstein
permutation 4,0.6666666666666666,0.4444444444444444,0.5833333333333334,vogelstein
permutation 4,0.8888888888888888,0.0625,0.5,vogelstein
permutation 4,0.5555555555555556,0.55,0.5,vogelstein
permutation 4,0.5555555555555556,0.39999999999999997,0.5,vogelstein
permutation 4,0.8888888888888888,0.125,0.5,vogelstein
permutation 4,0.7777777777777778,0.888888888888889,0.6666666666666666,vogelstein
permutation 4,0.7777777777777778,0.32142857142857145,0.5,vogelstein
permutation 4,0.6666666666666666,0.9166666666666666,0.5,vogelstein
permutation 4,1.0,1.0,1.0,vogelstein
permutation 4,0.5555555555555556,0.5,0.5,vogelstein
permutation 4,0.8888888888888888,0.25,0.5,vogelstein
permutation 4,0.5555555555555556,0.675,0.5,vogelstein
permutation 4,0.5555555555555556,0.875,0.75,vogelstein
permutation 4,0.5555555555555556,0.125,0.3125,vogelstein
permutation 4,0.4444444444444444,0.16666666666666663,0.3333333333333333,vogelstein
permutation 4,0.8888888888888888,0.7142857142857143,0.75,vogelstein
permutation 4,0.3333333333333333,0.3,0.325,vogelstein
permutation 4,0.7777777777777778,0.5357142857142857,0.6785714285714286,vogelstein
permutation 4,0.7777777777777778,0.25000000000000006,0.5,vogelstein
permutation 4,0.6666666666666666,0.6111111111111112,0.5,vogelstein
permutation 4,0.4444444444444444,0.7,0.4,vogelstein
permutation 4,0.6666666666666666,0.3055555555555556,0.5,vogelstein
permutation 5,0.4444444444444444,0.5555555555555556,0.5,vogelstein
permutation 5,0.6666666666666666,0.8125,0.8125,vogelstein
permutation 5,0.5555555555555556,0.35714285714285715,0.35714285714285715,vogelstein
permutation 5,0.5555555555555556,0.41666666666666663,0.4166666666666667,vogelstein
permutation 5,0.6666666666666666,0.25,0.42857142857142855,vogelstein
permutation 5,0.7777777777777778,0.2857142857142857,0.5,vogelstein
permutation 5,0.7777777777777778,0.6071428571428572,0.5,vogelstein
permutation 5,0.7777777777777778,0.25,0.5,vogelstein
permutation 5,0.6666666666666666,0.4285714285714286,0.42857142857142855,vogelstein
permutation 5,0.6666666666666666,0.0,0.42857142857142855,vogelstein
permutation 5,0.6666666666666666,0.375,0.375,vogelstein
permutation 5,0.8888888888888888,0.875,0.5,vogelstein
permutation 5,0.5555555555555556,0.725,0.5,vogelstein
permutation 5,0.6666666666666666,0.5555555555555556,0.5,vogelstein
permutation 5,0.6666666666666666,0.5,0.5,vogelstein
permutation 5,0.7777777777777778,0.5714285714285714,0.6785714285714286,vogelstein
permutation 5,0.7777777777777778,0.875,0.4375,vogelstein
permutation 5,0.7777777777777778,0.4444444444444444,0.6666666666666666,vogelstein
permutation 5,0.6666666666666666,0.375,0.375,vogelstein
permutation 5,0.5555555555555556,0.525,0.525,vogelstein
permutation 5,0.3333333333333333,0.25,0.375,vogelstein
permutation 5,0.4444444444444444,0.0,0.2857142857142857,vogelstein
permutation 5,0.5555555555555556,0.4,0.5,vogelstein
permutation 5,0.6666666666666666,0.75,0.8125,vogelstein
permutation 5,0.7777777777777778,0.4444444444444444,0.6666666666666666,vogelstein
permutation 6,0.7777777777777778,0.1875,0.4375,vogelstein
permutation 6,0.4444444444444444,0.975,0.5,vogelstein
permutation 6,0.5555555555555556,0.3,0.525,vogelstein
permutation 6,0.8888888888888888,0.3125,0.5,vogelstein
permutation 6,0.5555555555555556,0.25,0.3125,vogelstein
permutation 6,0.6666666666666666,0.5,0.5,vogelstein
permutation 6,0.7777777777777778,0.07142857142857145,0.5,vogelstein
permutation 6,0.5555555555555556,0.3888888888888889,0.5,vogelstein
permutation 6,0.6666666666666666,0.75,0.375,vogelstein
permutation 6,0.6666666666666666,0.8333333333333334,0.5,vogelstein
permutation 6,0.6666666666666666,0.4722222222222222,0.5,vogelstein
permutation 6,0.5555555555555556,0.7142857142857142,0.5357142857142857,vogelstein
permutation 6,0.4444444444444444,0.0,0.2857142857142857,vogelstein
permutation 6,0.7777777777777778,0.8214285714285714,0.5,vogelstein
permutation 6,0.7777777777777778,0.5,0.5,vogelstein
permutation 6,0.6666666666666666,0.5,0.5,vogelstein
permutation 6,0.4444444444444444,0.2857142857142857,0.2857142857142857,vogelstein
permutation 6,0.6666666666666666,0.1875,0.375,vogelstein
permutation 6,0.5555555555555556,0.16666666666666669,0.4166666666666667,vogelstein
permutation 6,0.5555555555555556,0.35,0.5,vogelstein
permutation 6,0.6666666666666666,0.8,0.625,vogelstein
permutation 6,0.4444444444444444,0.6000000000000001,0.4,vogelstein
permutation 6,0.6666666666666666,0.5,0.625,vogelstein
permutation 6,0.5555555555555556,0.35,0.5,vogelstein
permutation 6,0.5555555555555556,0.4375,0.3125,vogelstein
permutation 7,0.5555555555555556,0.16666666666666663,0.4166666666666667,vogelstein
permutation 7,0.6666666666666666,0.16666666666666663,0.5,vogelstein
permutation 7,0.6666666666666666,0.16666666666666663,0.5,vogelstein
permutation 7,0.4444444444444444,0.14285714285714285,0.2857142857142857,vogelstein
permutation 7,0.7777777777777778,0.5714285714285714,0.5,vogelstein
permutation 7,0.6666666666666666,0.14285714285714285,0.42857142857142855,vogelstein
permutation 7,0.6666666666666666,0.4722222222222222,0.5,vogelstein
permutation 7,0.4444444444444444,0.15000000000000002,0.5,vogelstein
permutation 7,0.8888888888888888,0.3125,0.5,vogelstein
permutation 7,0.4444444444444444,0.4375,0.25,vogelstein
permutation 7,0.6666666666666666,0.6111111111111112,0.5,vogelstein
permutation 7,0.6666666666666666,0.3928571428571429,0.42857142857142855,vogelstein
permutation 7,0.3333333333333333,0.375,0.3,vogelstein
permutation 7,0.7777777777777778,0.14285714285714285,0.5,vogelstein
permutation 7,0.6666666666666666,0.2222222222222222,0.5,vogelstein
permutation 7,0.6666666666666666,0.2777777777777778,0.5,vogelstein
permutation 7,0.6666666666666666,0.4285714285714286,0.42857142857142855,vogelstein
permutation 7,0.4444444444444444,0.375,0.5,vogelstein
permutation 7,0.3333333333333333,0.30000000000000004,0.375,vogelstein
permutation 7,0.5555555555555556,0.41666666666666663,0.4166666666666667,vogelstein
permutation 7,0.8888888888888888,0.375,0.5,vogelstein
permutation 7,0.8888888888888888,0.5,0.75,vogelstein
permutation 7,1.0,1.0,1.0,vogelstein
permutation 7,0.6666666666666666,0.2142857142857143,0.42857142857142855,vogelstein
permutation 7,0.5555555555555556,0.14285714285714285,0.35714285714285715,vogelstein
permutation 8,0.4444444444444444,0.6,0.5,vogelstein
permutation 8,0.6666666666666666,0.4285714285714286,0.42857142857142855,vogelstein
permutation 8,0.6666666666666666,0.6111111111111112,0.5833333333333334,vogelstein
permutation 8,0.5555555555555556,0.25,0.35714285714285715,vogelstein
permutation 8,0.7777777777777778,0.25,0.4375,vogelstein
permutation 8,0.7777777777777778,0.9285714285714286,0.5,vogelstein
permutation 8,0.5555555555555556,0.42500000000000004,0.5,vogelstein
permutation 8,0.5555555555555556,0.475,0.5,vogelstein
permutation 8,0.7777777777777778,0.14285714285714285,0.5,vogelstein
permutation 8,0.5555555555555556,0.2777777777777778,0.5,vogelstein
permutation 8,0.7777777777777778,0.6785714285714286,0.5,vogelstein
permutation 8,0.6666666666666666,0.7222222222222222,0.5833333333333334,vogelstein
permutation 8,0.6666666666666666,0.6666666666666667,0.5833333333333334,vogelstein
permutation 8,0.4444444444444444,0.575,0.5,vogelstein
permutation 8,0.7777777777777778,0.35714285714285715,0.5,vogelstein
permutation 8,0.7777777777777778,0.125,0.4375,vogelstein
permutation 8,0.4444444444444444,0.35,0.5,vogelstein
permutation 8,0.8888888888888888,0.875,0.5,vogelstein
permutation 8,0.7777777777777778,0.7857142857142857,0.5,vogelstein
permutation 8,0.7777777777777778,0.32142857142857145,0.5,vogelstein
permutation 8,0.3333333333333333,0.35714285714285715,0.39285714285714285,vogelstein
permutation 8,0.7777777777777778,0.8571428571428572,0.5,vogelstein
permutation 8,0.7777777777777778,0.3571428571428572,0.5,vogelstein
permutation 8,0.5555555555555556,0.36111111111111116,0.4166666666666667,vogelstein
permutation 8,0.8888888888888888,0.125,0.5,vogelstein
permutation 9,0.5555555555555556,0.04999999999999999,0.5,vogelstein
permutation 9,0.5555555555555556,0.5555555555555556,0.5833333333333333,vogelstein
permutation 9,0.5555555555555556,0.6,0.6,vogelstein
permutation 9,0.8888888888888888,0.9375,0.9375,vogelstein
permutation 9,0.4444444444444444,0.6666666666666666,0.5833333333333334,vogelstein
permutation 9,0.6666666666666666,0.6666666666666666,0.5,vogelstein
permutation 9,0.8888888888888888,0.0,0.5,vogelstein
permutation 9,0.6666666666666666,0.19444444444444442,0.5,vogelstein
permutation 9,0.6666666666666666,0.28571428571428575,0.42857142857142855,vogelstein
permutation 9,0.7777777777777778,0.6428571428571428,0.5,vogelstein
permutation 9,0.3333333333333333,0.3125,0.1875,vogelstein
permutation 9,0.6666666666666666,0.675,0.625,vogelstein
permutation 9,0.3333333333333333,0.3333333333333333,0.25,vogelstein
permutation 9,0.8888888888888888,0.5,0.5,vogelstein
permutation 9,0.7777777777777778,0.6785714285714286,0.5,vogelstein
permutation 9,0.6666666666666666,0.5357142857142857,0.42857142857142855,vogelstein
permutation 9,0.5555555555555556,0.0,0.4166666666666667,vogelstein
permutation 9,0.5555555555555556,0.35,0.5,vogelstein
permutation 9,0.7777777777777778,0.3571428571428572,0.5,vogelstein
permutation 9,0.4444444444444444,0.5,0.5,vogelstein
permutation 9,0.6666666666666666,0.4285714285714286,0.42857142857142855,vogelstein
permutation 9,0.6666666666666666,0.8571428571428572,0.42857142857142855,vogelstein
permutation 9,0.5555555555555556,0.575,0.575,vogelstein
permutation 9,0.5555555555555556,0.3333333333333333,0.4166666666666667,vogelstein
permutation 9,0.8888888888888888,1.0,0.5,vogelstein
permutation 10,0.5555555555555556,0.6071428571428571,0.5357142857142857,vogelstein
permutation 10,0.3333333333333333,0.375,0.1875,vogelstein
permutation 10,0.4444444444444444,0.25,0.2857142857142857,vogelstein
permutation 10,0.5555555555555556,0.5277777777777778,0.4166666666666667,vogelstein
permutation 10,0.6666666666666666,0.25,0.42857142857142855,vogelstein
permutation 10,0.8888888888888888,0.3125,0.5,vogelstein
permutation 10,0.4444444444444444,0.5555555555555556,0.41666666666666663,vogelstein
permutation 10,0.7777777777777778,0.2142857142857143,0.5,vogelstein
permutation 10,0.8888888888888888,0.625,0.5,vogelstein
permutation 10,0.5555555555555556,0.25,0.4166666666666667,vogelstein
permutation 10,0.8888888888888888,0.5,0.5,vogelstein
permutation 10,0.6666666666666666,0.5625,0.375,vogelstein
permutation 10,0.6666666666666666,0.3611111111111111,0.5,vogelstein
permutation 10,0.5555555555555556,0.5,0.3125,vogelstein
permutation 10,0.4444444444444444,0.3055555555555555,0.41666666666666663,vogelstein
permutation 10,0.6666666666666666,0.2142857142857143,0.42857142857142855,vogelstein
permutation 10,0.5555555555555556,0.5499999999999999,0.5,vogelstein
permutation 10,0.5555555555555556,0.3928571428571429,0.35714285714285715,vogelstein
permutation 10,0.5555555555555556,0.725,0.5,vogelstein
permutation 10,0.6666666666666666,0.3125,0.375,vogelstein
permutation 10,0.5555555555555556,0.3,0.5,vogelstein
permutation 10,0.5555555555555556,0.45,0.5,vogelstein
permutation 10,0.5555555555555556,0.475,0.5,vogelstein
permutation 10,0.7777777777777778,0.0,0.4375,vogelstein
permutation 10,0.5555555555555556,0.3611111111111111,0.4166666666666667,vogelstein
permutation 11,0.4444444444444444,0.5,0.5,vogelstein
permutation 11,0.5555555555555556,0.35714285714285715,0.35714285714285715,vogelstein
permutation 11,0.8888888888888888,1.0,0.5,vogelstein
permutation 11,1.0,1.0,1.0,vogelstein
permutation 11,0.5555555555555556,0.7777777777777778,0.4166666666666667,vogelstein
permutation 11,0.8888888888888888,0.625,0.5,vogelstein
permutation 11,0.8888888888888888,0.4375,0.5,vogelstein
permutation 11,0.4444444444444444,0.36111111111111105,0.3333333333333333,vogelstein
permutation 11,0.4444444444444444,0.3,0.4,vogelstein
permutation 11,0.8888888888888888,1.0,0.5,vogelstein
permutation 11,0.8888888888888888,0.75,0.5,vogelstein
permutation 11,0.3333333333333333,0.5,0.25,vogelstein
permutation 11,0.8888888888888888,0.6428571428571429,0.75,vogelstein
permutation 11,0.3333333333333333,0.5,0.5,vogelstein
permutation 11,0.6666666666666666,0.21428571428571427,0.42857142857142855,vogelstein
permutation 11,0.4444444444444444,0.4444444444444444,0.3333333333333333,vogelstein
permutation 11,0.5555555555555556,0.35,0.5,vogelstein
permutation 11,0.7777777777777778,0.125,0.4375,vogelstein
permutation 11,0.6666666666666666,0.4444444444444444,0.5,vogelstein
permutation 11,0.6666666666666666,0.2142857142857143,0.42857142857142855,vogelstein
permutation 11,0.4444444444444444,0.4444444444444444,0.3333333333333333,vogelstein
permutation 11,0.7777777777777778,0.4722222222222222,0.6666666666666666,vogelstein
permutation 11,0.7777777777777778,0.7142857142857143,0.5,vogelstein
permutation 11,0.5555555555555556,0.275,0.5,vogelstein
permutation 11,0.5555555555555556,0.6,0.5,vogelstein
permutation 12,0.3333333333333333,0.39999999999999997,0.375,vogelstein
permutation 12,0.5555555555555556,0.65,0.5,vogelstein
permutation 12,0.6666666666666666,0.4722222222222222,0.5,vogelstein
permutation 12,0.6666666666666666,0.6428571428571429,0.42857142857142855,vogelstein
permutation 12,0.6666666666666666,0.5,0.5,vogelstein
permutation 12,0.8888888888888888,0.625,0.5,vogelstein
permutation 12,0.4444444444444444,0.3571428571428572,0.2857142857142857,vogelstein
permutation 12,0.4444444444444444,0.3333333333333333,0.3333333333333333,vogelstein
permutation 12,0.5555555555555556,0.4285714285714286,0.5357142857142857,vogelstein
permutation 12,0.8888888888888888,1.0,0.5,vogelstein
permutation 12,0.5555555555555556,0.33333333333333337,0.4166666666666667,vogelstein
permutation 12,0.5555555555555556,0.5833333333333333,0.4166666666666667,vogelstein
permutation 12,0.3333333333333333,0.16666666666666663,0.25,vogelstein
permutation 12,0.5555555555555556,0.4444444444444444,0.4166666666666667,vogelstein
permutation 12,0.7777777777777778,0.0,0.4375,vogelstein
permutation 12,0.7777777777777778,0.8571428571428572,0.5,vogelstein
permutation 12,0.8888888888888888,0.625,0.5,vogelstein
permutation 12,0.7777777777777778,0.125,0.4375,vogelstein
permutation 12,0.5555555555555556,0.375,0.3125,vogelstein
permutation 12,0.5555555555555556,0.475,0.5,vogelstein
permutation 12,0.5555555555555556,0.6499999999999999,0.5,vogelstein
permutation 12,0.7777777777777778,0.25,0.4375,vogelstein
permutation 12,0.7777777777777778,0.3125,0.4375,vogelstein
permutation 12,0.5555555555555556,0.1875,0.3125,vogelstein
permutation 12,0.4444444444444444,0.275,0.4,vogelstein
permutation 13,0.6666666666666666,0.475,0.625,vogelstein
permutation 13,0.7777777777777778,0.5357142857142857,0.5,vogelstein
permutation 13,0.6666666666666666,0.6666666666666667,0.5,vogelstein
permutation 13,0.7777777777777778,0.4375,0.4375,vogelstein
permutation 13,0.4444444444444444,0.5750000000000001,0.425,vogelstein
permutation 13,0.5555555555555556,0.4642857142857143,0.35714285714285715,vogelstein
permutation 13,0.7777777777777778,0.6071428571428572,0.5,vogelstein
permutation 13,0.5555555555555556,0.25,0.5,vogelstein
permutation 13,0.5555555555555556,0.44999999999999996,0.5,vogelstein
permutation 13,0.5555555555555556,0.7250000000000001,0.5,vogelstein
permutation 13,0.4444444444444444,0.35,0.4,vogelstein
permutation 13,0.5555555555555556,0.775,0.5,vogelstein
permutation 13,0.6666666666666666,0.7777777777777778,0.5,vogelstein
permutation 13,0.4444444444444444,0.325,0.5,vogelstein
permutation 13,0.6666666666666666,0.4285714285714286,0.42857142857142855,vogelstein
permutation 13,0.6666666666666666,0.13888888888888887,0.5,vogelstein
permutation 13,0.7777777777777778,0.7857142857142857,0.5,vogelstein
permutation 13,0.7777777777777778,0.8571428571428572,0.5,vogelstein
permutation 13,0.7777777777777778,0.8571428571428572,0.8571428571428572,vogelstein
permutation 13,0.5555555555555556,0.5357142857142857,0.5357142857142857,vogelstein
permutation 13,0.6666666666666666,0.3333333333333333,0.5,vogelstein
permutation 13,0.5555555555555556,0.49999999999999994,0.5,vogelstein
permutation 13,0.7777777777777778,0.5,0.4375,vogelstein
permutation 13,0.8888888888888888,0.5,0.5,vogelstein
permutation 13,0.5555555555555556,0.35,0.5,vogelstein
permutation 14,0.6666666666666666,0.7777777777777778,0.5,vogelstein
permutation 14,0.5555555555555556,0.2777777777777778,0.5,vogelstein
permutation 14,0.8888888888888888,0.5,0.5,vogelstein
permutation 14,0.5555555555555556,0.6,0.5,vogelstein
permutation 14,0.7777777777777778,0.1428571428571429,0.5,vogelstein
permutation 14,0.6666666666666666,0.4375,0.375,vogelstein
permutation 14,0.6666666666666666,0.5,0.5,vogelstein
permutation 14,0.6666666666666666,0.8333333333333334,0.5833333333333334,vogelstein
permutation 14,0.7777777777777778,0.5,0.5,vogelstein
permutation 14,0.5555555555555556,0.55,0.5,vogelstein
permutation 14,0.4444444444444444,0.3611111111111111,0.3333333333333333,vogelstein
permutation 14,0.7777777777777778,0.3125,0.4375,vogelstein
permutation 14,0.5555555555555556,0.4722222222222222,0.4166666666666667,vogelstein
permutation 14,0.4444444444444444,0.6,0.5,vogelstein
permutation 14,0.7777777777777778,0.875,0.4375,vogelstein
permutation 14,0.6666666666666666,0.6944444444444444,0.5,vogelstein
permutation 14,0.7777777777777778,0.5,0.5,vogelstein
permutation 14,0.4444444444444444,0.6000000000000001,0.4,vogelstein
permutation 14,0.5555555555555556,0.3333333333333333,0.4166666666666667,vogelstein
permutation 14,0.7777777777777778,0.6785714285714286,0.6785714285714286,vogelstein
permutation 14,0.5555555555555556,0.4444444444444445,0.4166666666666667,vogelstein
permutation 14,0.6666666666666666,0.8888888888888888,0.5,vogelstein
permutation 14,0.2222222222222222,0.25,0.125,vogelstein
permutation 14,0.6666666666666666,0.6428571428571428,0.42857142857142855,vogelstein
permutation 14,0.8888888888888888,0.7142857142857143,0.75,vogelstein
permutation 15,0.5555555555555556,0.125,0.3125,vogelstein
permutation 15,0.7777777777777778,0.7142857142857143,0.5,vogelstein
permutation 15,0.6666666666666666,0.35714285714285715,0.42857142857142855,vogelstein
permutation 15,0.6666666666666666,0.5,0.375,vogelstein
permutation 15,0.6666666666666666,0.125,0.375,vogelstein
permutation 15,0.8888888888888888,0.6785714285714286,0.75,vogelstein
permutation 15,0.8888888888888888,0.0,0.5,vogelstein
permutation 15,0.6666666666666666,0.5357142857142857,0.42857142857142855,vogelstein
permutation 15,0.6666666666666666,0.3333333333333333,0.5,vogelstein
permutation 15,0.6666666666666666,0.5555555555555556,0.5,vogelstein
permutation 15,0.6666666666666666,0.0,0.375,vogelstein
permutation 15,0.7777777777777778,1.0,0.875,vogelstein
permutation 15,0.7777777777777778,0.5714285714285714,0.5,vogelstein
permutation 15,0.4444444444444444,0.4,0.4,vogelstein
permutation 15,0.5555555555555556,0.39999999999999997,0.5,vogelstein
permutation 15,0.4444444444444444,0.25,0.5,vogelstein
permutation 15,1.0,1.0,1.0,vogelstein
permutation 15,0.7777777777777778,0.4285714285714286,0.5,vogelstein
permutation 15,0.7777777777777778,0.35714285714285715,0.5,vogelstein
permutation 15,0.8888888888888888,0.5,0.5,vogelstein
permutation 15,0.7777777777777778,0.42857142857142855,0.5,vogelstein
permutation 15,0.6666666666666666,0.5,0.375,vogelstein
permutation 15,0.5555555555555556,0.30000000000000004,0.5,vogelstein
permutation 15,0.6666666666666666,0.32142857142857145,0.42857142857142855,vogelstein
permutation 15,0.5555555555555556,0.35714285714285715,0.35714285714285715,vogelstein
permutation 16,0.5555555555555556,0.38888888888888884,0.5,vogelstein
permutation 16,0.6666666666666666,0.6875,0.375,vogelstein
permutation 16,0.4444444444444444,1.0,0.5,vogelstein
permutation 16,0.6666666666666666,0.9375,0.8125,vogelstein
permutation 16,0.7777777777777778,0.7222222222222222,0.6666666666666666,vogelstein
permutation 16,0.6666666666666666,0.6875,0.375,vogelstein
permutation 16,0.4444444444444444,0.7,0.5,vogelstein
permutation 16,0.3333333333333333,0.3888888888888889,0.41666666666666663,vogelstein
permutation 16,0.7777777777777778,0.7857142857142857,0.6785714285714286,vogelstein
permutation 16,0.5555555555555556,0.7777777777777779,0.4166666666666667,vogelstein
permutation 16,0.5555555555555556,0.6944444444444445,0.5,vogelstein
permutation 16,0.5555555555555556,0.375,0.525,vogelstein
permutation 16,0.6666666666666666,0.7857142857142857,0.6071428571428572,vogelstein
permutation 16,0.7777777777777778,0.3214285714285714,0.5,vogelstein
permutation 16,0.5555555555555556,0.4166666666666667,0.4166666666666667,vogelstein
permutation 16,0.5555555555555556,0.375,0.5,vogelstein
permutation 16,0.4444444444444444,0.525,0.4,vogelstein
permutation 16,0.5555555555555556,0.5,0.35714285714285715,vogelstein
permutation 16,0.8888888888888888,0.3125,0.5,vogelstein
permutation 16,0.8888888888888888,0.5,0.5,vogelstein
permutation 16,0.3333333333333333,0.1785714285714286,0.21428571428571427,vogelstein
permutation 16,0.7777777777777778,0.7777777777777778,0.6666666666666666,vogelstein
permutation 16,0.6666666666666666,0.41666666666666663,0.5,vogelstein
permutation 16,0.8888888888888888,0.625,0.5,vogelstein
permutation 16,0.4444444444444444,0.4285714285714286,0.2857142857142857,vogelstein
permutation 17,0.6666666666666666,0.125,0.375,vogelstein
permutation 17,0.7777777777777778,0.4285714285714286,0.5,vogelstein
permutation 17,0.4444444444444444,0.45,0.5,vogelstein
permutation 17,0.6666666666666666,0.5,0.42857142857142855,vogelstein
permutation 17,0.3333333333333333,0.25,0.25,vogelstein
permutation 17,0.2222222222222222,0.10714285714285718,0.14285714285714285,vogelstein
permutation 17,0.8888888888888888,0.5,0.75,vogelstein
permutation 17,0.4444444444444444,0.7,0.5,vogelstein
permutation 17,0.8888888888888888,0.3125,0.5,vogelstein
permutation 17,0.5555555555555556,0.3928571428571429,0.35714285714285715,vogelstein
permutation 17,0.4444444444444444,0.12499999999999997,0.4,vogelstein
permutation 17,0.8888888888888888,0.875,0.5,vogelstein
permutation 17,0.5555555555555556,0.75,0.75,vogelstein
permutation 17,0.4444444444444444,0.65,0.5,vogelstein
permutation 17,0.5555555555555556,0.15,0.5,vogelstein
permutation 17,0.6666666666666666,0.7142857142857143,0.42857142857142855,vogelstein
permutation 17,0.6666666666666666,0.3055555555555556,0.5,vogelstein
permutation 17,0.4444444444444444,0.45000000000000007,0.45,vogelstein
permutation 17,0.5555555555555556,0.85,0.5,vogelstein
permutation 17,0.4444444444444444,0.4,0.5,vogelstein
permutation 17,0.5555555555555556,0.5,0.5,vogelstein
permutation 17,0.8888888888888888,0.125,0.5,vogelstein
permutation 17,0.8888888888888888,0.125,0.5,vogelstein
permutation 17,0.8888888888888888,0.0625,0.5,vogelstein
permutation 17,0.7777777777777778,0.07142857142857145,0.5,vogelstein
permutation 18,0.6666666666666666,0.75,0.5,vogelstein
permutation 18,0.6666666666666666,0.7142857142857143,0.42857142857142855,vogelstein
permutation 18,0.4444444444444444,0.2777777777777778,0.3333333333333333,vogelstein
permutation 18,0.7777777777777778,0.7142857142857143,0.5,vogelstein
permutation 18,0.7777777777777778,0.5714285714285714,0.5,vogelstein
permutation 18,0.6666666666666666,0.35714285714285715,0.6071428571428572,vogelstein
permutation 18,0.6666666666666666,0.3888888888888889,0.5,vogelstein
permutation 18,0.4444444444444444,0.55,0.4,vogelstein
permutation 18,0.7777777777777778,0.125,0.4375,vogelstein
permutation 18,0.6666666666666666,0.95,0.7,vogelstein
permutation 18,0.7777777777777778,0.8214285714285714,0.6785714285714286,vogelstein
permutation 18,0.7777777777777778,0.75,0.4375,vogelstein
permutation 18,0.7777777777777778,0.4285714285714286,0.5,vogelstein
permutation 18,0.6666666666666666,0.5714285714285714,0.42857142857142855,vogelstein
permutation 18,0.8888888888888888,0.5714285714285714,0.75,vogelstein
permutation 18,0.5555555555555556,0.525,0.5,vogelstein
permutation 18,0.6666666666666666,0.5357142857142857,0.6071428571428572,vogelstein
permutation 18,0.6666666666666666,0.6666666666666667,0.5,vogelstein
permutation 18,0.6666666666666666,0.7777777777777778,0.5,vogelstein
permutation 18,0.7777777777777778,0.4642857142857143,0.5,vogelstein
permutation 18,0.5555555555555556,0.325,0.5,vogelstein
permutation 18,0.7777777777777778,0.4642857142857143,0.5,vogelstein
permutation 18,0.7777777777777778,0.14285714285714285,0.5,vogelstein
permutation 18,0.7777777777777778,0.7857142857142857,0.5,vogelstein
permutation 18,0.4444444444444444,0.475,0.425,vogelstein
permutation 19,0.5555555555555556,0.75,0.5,vogelstein
permutation 19,0.7777777777777778,0.25,0.5,vogelstein
permutation 19,0.5555555555555556,0.5,0.5,vogelstein
permutation 19,0.6666666666666666,0.32142857142857145,0.42857142857142855,vogelstein
permutation 19,0.6666666666666666,0.7857142857142857,0.7857142857142857,vogelstein
permutation 19,0.6666666666666666,0.5555555555555556,0.5,vogelstein
permutation 19,0.6666666666666666,0.22222222222222224,0.5,vogelstein
permutation 19,0.8888888888888888,0.375,0.5,vogelstein
permutation 19,0.6666666666666666,0.3928571428571429,0.42857142857142855,vogelstein
permutation 19,0.5555555555555556,0.125,0.3125,vogelstein
permutation 19,0.5555555555555556,0.5,0.5,vogelstein
permutation 19,0.6666666666666666,0.6500000000000001,0.625,vogelstein
permutation 19,0.6666666666666666,0.28571428571428575,0.42857142857142855,vogelstein
permutation 19,0.4444444444444444,0.25,0.25,vogelstein
permutation 19,0.6666666666666666,0.36111111111111105,0.5,vogelstein
permutation 19,0.6666666666666666,0.8571428571428572,0.42857142857142855,vogelstein
permutation 19,0.3333333333333333,0.75,0.5,vogelstein
permutation 19,0.7777777777777778,0.35714285714285715,0.5,vogelstein
permutation 19,0.6666666666666666,0.6785714285714286,0.6071428571428572,vogelstein
permutation 19,0.3333333333333333,0.2142857142857143,0.21428571428571427,vogelstein
permutation 19,0.6666666666666666,0.7777777777777778,0.5,vogelstein
permutation 19,0.6666666666666666,0.6111111111111112,0.5833333333333334,vogelstein
permutation 19,0.5555555555555556,0.625,0.5,vogelstein
permutation 19,0.7777777777777778,0.7142857142857143,0.5,vogelstein
permutation 19,0.6666666666666666,0.0625,0.375,vogelstein
permutation 20,0.5555555555555556,0.3214285714285714,0.35714285714285715,vogelstein
permutation 20,0.5555555555555556,0.25,0.5,vogelstein
permutation 20,0.7777777777777778,0.5714285714285714,0.5,vogelstein
permutation 20,0.5555555555555556,0.5555555555555556,0.5,vogelstein
permutation 20,0.5555555555555556,0.625,0.5,vogelstein
permutation 20,0.5555555555555556,0.275,0.5,vogelstein
permutation 20,0.5555555555555556,0.4444444444444444,0.4166666666666667,vogelstein
permutation 20,0.7777777777777778,0.7857142857142857,0.8571428571428572,vogelstein
permutation 20,0.5555555555555556,0.4,0.5,vogelstein
permutation 20,0.5555555555555556,0.2,0.5,vogelstein
permutation 20,0.6666666666666666,0.8888888888888888,0.5,vogelstein
permutation 20,0.7777777777777778,0.6428571428571429,0.6785714285714286,vogelstein
permutation 20,0.6666666666666666,0.4642857142857143,0.42857142857142855,vogelstein
permutation 20,0.5555555555555556,0.35,0.5,vogelstein
permutation 20,0.4444444444444444,0.175,0.5,vogelstein
permutation 20,0.8888888888888888,1.0,0.5,vogelstein
permutation 20,0.6666666666666666,0.14285714285714285,0.42857142857142855,vogelstein
permutation 20,0.5555555555555556,0.33333333333333326,0.5,vogelstein
permutation 20,0.5555555555555556,0.6749999999999999,0.5,vogelstein
permutation 20,0.5555555555555556,0.49999999999999994,0.4166666666666667,vogelstein
permutation 20,0.5555555555555556,0.8333333333333334,0.4166666666666667,vogelstein
permutation 20,0.3333333333333333,0.39999999999999997,0.3,vogelstein
permutation 20,0.5555555555555556,0.35,0.5,vogelstein
permutation 20,0.6666666666666666,0.5,0.5,vogelstein
permutation 20,0.6666666666666666,0.375,0.375,vogelstein
permutation 21,0.7777777777777778,0.0,0.5,vogelstein
permutation 21,0.6666666666666666,0.36111111111111116,0.5,vogelstein
permutation 21,0.6666666666666666,0.5555555555555556,0.5,vogelstein
permutation 21,0.4444444444444444,0.55,0.5,vogelstein
permutation 21,0.6666666666666666,0.4722222222222222,0.5833333333333334,vogelstein
permutation 21,0.6666666666666666,0.05555555555555554,0.5,vogelstein
permutation 21,0.7777777777777778,0.4722222222222222,0.6666666666666666,vogelstein
permutation 21,0.5555555555555556,0.625,0.5,vogelstein
permutation 21,0.7777777777777778,0.8928571428571429,0.5,vogelstein
permutation 21,0.6666666666666666,0.3928571428571429,0.42857142857142855,vogelstein
permutation 21,0.5555555555555556,0.675,0.5,vogelstein
permutation 21,0.8888888888888888,0.125,0.5,vogelstein
permutation 21,0.7777777777777778,0.4285714285714286,0.5,vogelstein
permutation 21,0.6666666666666666,0.11111111111111112,0.5,vogelstein
permutation 21,0.6666666666666666,0.35,0.625,vogelstein
permutation 21,0.8888888888888888,0.5625,0.5,vogelstein
permutation 21,0.6666666666666666,0.41666666666666663,0.5,vogelstein
permutation 21,0.4444444444444444,0.35,0.4,vogelstein
permutation 21,0.6666666666666666,0.5555555555555556,0.5,vogelstein
permutation 21,0.7777777777777778,0.3571428571428572,0.5,vogelstein
permutation 21,0.7777777777777778,0.3571428571428572,0.5,vogelstein
permutation 21,0.6666666666666666,0.14285714285714285,0.42857142857142855,vogelstein
permutation 21,0.5555555555555556,0.5277777777777778,0.4166666666666667,vogelstein
permutation 21,0.5555555555555556,0.39999999999999997,0.5,vogelstein
permutation 21,0.4444444444444444,0.0,0.4,vogelstein
permutation 22,0.5555555555555556,0.3571428571428572,0.35714285714285715,vogelstein
permutation 22,0.7777777777777778,0.3928571428571429,0.5,vogelstein
permutation 22,0.5555555555555556,0.75,0.5,vogelstein
permutation 22,0.4444444444444444,0.35,0.5,vogelstein
permutation 22,0.3333333333333333,0.325,0.325,vogelstein
permutation 22,0.5555555555555556,0.8500000000000001,0.5,vogelstein
permutation 22,0.3333333333333333,0.3,0.375,vogelstein
permutation 22,0.6666666666666666,0.32142857142857145,0.42857142857142855,vogelstein
permutation 22,0.6666666666666666,0.5277777777777778,0.5,vogelstein
permutation 22,0.6666666666666666,0.4722222222222222,0.5,vogelstein
permutation 22,0.4444444444444444,0.33333333333333337,0.3333333333333333,vogelstein
permutation 22,0.1111111111111111,0.07142857142857145,0.07142857142857142,vogelstein
permutation 22,0.5555555555555556,0.725,0.5,vogelstein
permutation 22,0.6666666666666666,0.6428571428571429,0.6071428571428572,vogelstein
permutation 22,0.7777777777777778,0.4285714285714286,0.5,vogelstein
permutation 22,0.6666666666666666,0.16666666666666669,0.5,vogelstein
permutation 22,0.7777777777777778,0.5357142857142857,0.6785714285714286,vogelstein
permutation 22,0.6666666666666666,0.8333333333333333,0.5,vogelstein
permutation 22,0.6666666666666666,0.5,0.42857142857142855,vogelstein
permutation 22,0.5555555555555556,0.65,0.525,vogelstein
permutation 22,0.6666666666666666,0.4722222222222222,0.5833333333333334,vogelstein
permutation 22,0.6666666666666666,0.6111111111111112,0.5,vogelstein
permutation 22,0.6666666666666666,0.16666666666666666,0.5,vogelstein
permutation 22,0.6666666666666666,0.24999999999999997,0.5,vogelstein
permutation 22,0.6666666666666666,0.5277777777777778,0.5,vogelstein
permutation 23,0.7777777777777778,0.32142857142857145,0.5,vogelstein
permutation 23,0.5555555555555556,0.175,0.5,vogelstein
permutation 23,0.8888888888888888,0.25,0.5,vogelstein
permutation 23,0.5555555555555556,0.5714285714285714,0.35714285714285715,vogelstein
permutation 23,0.5555555555555556,0.16666666666666669,0.4166666666666667,vogelstein
permutation 23,0.5555555555555556,0.04999999999999999,0.5,vogelstein
permutation 23,0.6666666666666666,0.5833333333333334,0.5,vogelstein
permutation 23,0.4444444444444444,0.33333333333333337,0.3333333333333333,vogelstein
permutation 23,0.6666666666666666,0.2142857142857143,0.42857142857142855,vogelstein
permutation 23,0.5555555555555556,0.42499999999999993,0.5,vogelstein
permutation 23,0.5555555555555556,0.6,0.6,vogelstein
permutation 23,0.4444444444444444,0.6,0.5,vogelstein
permutation 23,0.7777777777777778,0.0,0.4375,vogelstein
permutation 23,0.7777777777777778,0.3928571428571429,0.5,vogelstein
permutation 23,0.7777777777777778,0.6428571428571429,0.5,vogelstein
permutation 23,0.7777777777777778,0.9285714285714286,0.8571428571428572,vogelstein
permutation 23,0.8888888888888888,0.625,0.5,vogelstein
permutation 23,0.6666666666666666,0.3888888888888889,0.5,vogelstein
permutation 23,0.7777777777777778,0.5,0.5,vogelstein
permutation 23,0.4444444444444444,0.49999999999999994,0.425,vogelstein
permutation 23,0.5555555555555556,0.5714285714285714,0.35714285714285715,vogelstein
permutation 23,0.6666666666666666,0.0,0.375,vogelstein
permutation 23,0.6666666666666666,0.375,0.375,vogelstein
permutation 23,0.5555555555555556,0.125,0.3125,vogelstein
permutation 23,0.4444444444444444,0.375,0.25,vogelstein
permutation 24,0.7777777777777778,0.28571428571428575,0.5,vogelstein
permutation 24,0.4444444444444444,0.5,0.3333333333333333,vogelstein
permutation 24,0.6666666666666666,0.4375,0.375,vogelstein
permutation 24,0.5555555555555556,0.6111111111111112,0.4166666666666667,vogelstein
permutation 24,0.4444444444444444,0.4642857142857143,0.2857142857142857,vogelstein
permutation 24,0.4444444444444444,0.33333333333333337,0.3333333333333333,vogelstein
permutation 24,0.7777777777777778,0.5357142857142857,0.5,vogelstein
permutation 24,0.6666666666666666,0.625,0.375,vogelstein
permutation 24,0.6666666666666666,0.7777777777777779,0.5,vogelstein
permutation 24,0.6666666666666666,0.42857142857142855,0.6071428571428572,vogelstein
permutation 24,0.6666666666666666,0.0,0.5,vogelstein
permutation 24,0.7777777777777778,0.4285714285714286,0.5,vogelstein
permutation 24,0.2222222222222222,0.5714285714285714,0.5,vogelstein
permutation 24,0.7777777777777778,0.6071428571428572,0.5,vogelstein
permutation 24,0.7777777777777778,0.25,0.4375,vogelstein
permutation 24,0.5555555555555556,0.5,0.5,vogelstein
permutation 24,0.7777777777777778,0.5714285714285714,0.5,vogelstein
permutation 24,0.4444444444444444,0.3611111111111111,0.3333333333333333,vogelstein
permutation 24,0.6666666666666666,0.4642857142857143,0.6071428571428572,vogelstein
permutation 24,0.5555555555555556,0.32142857142857145,0.35714285714285715,vogelstein
permutation 24,0.4444444444444444,0.4444444444444444,0.41666666666666663,vogelstein
permutation 24,0.4444444444444444,0.6,0.4,vogelstein
permutation 24,0.3333333333333333,0.25,0.5,vogelstein
permutation 24,0.7777777777777778,0.14285714285714285,0.5,vogelstein
permutation 24,0.7777777777777778,0.2142857142857143,0.5,vogelstein
original,0.7777777777777778,0.8333333333333333,0.6666666666666666,mdsig
original,0.8888888888888888,0.5,0.75,mdsig
original,0.6666666666666666,0.125,0.375,mdsig
original,0.7777777777777778,0.7857142857142857,0.6785714285714286,mdsig
original,0.4444444444444444,0.25,0.4,mdsig
original,0.6666666666666666,0.8333333333333334,0.5,mdsig
original,0.8888888888888888,1.0,0.5,mdsig
original,0.4444444444444444,0.7749999999999999,0.5,mdsig
original,0.4444444444444444,0.45,0.425,mdsig
original,0.7777777777777778,0.75,0.75,mdsig
original,0.6666666666666666,0.5,0.5,mdsig
original,0.6666666666666666,0.75,0.5833333333333334,mdsig
original,0.5555555555555556,0.6,0.575,mdsig
original,0.8888888888888888,0.75,0.5,mdsig
original,0.8888888888888888,0.8055555555555556,0.8333333333333333,mdsig
original,0.6666666666666666,0.8333333333333333,0.5,mdsig
original,0.8888888888888888,0.9285714285714286,0.75,mdsig
original,0.6666666666666666,0.7857142857142857,0.6071428571428572,mdsig
original,0.8888888888888888,0.875,0.9375,mdsig
original,0.4444444444444444,0.575,0.5,mdsig
original,0.8888888888888888,1.0,0.5,mdsig
original,1.0,1.0,1.0,mdsig
original,0.7777777777777778,0.6428571428571429,0.5,mdsig
original,0.8888888888888888,0.625,0.5,mdsig
original,0.8888888888888888,0.7222222222222222,0.8333333333333333,mdsig
permutation 0,0.5555555555555556,0.7250000000000001,0.5,mdsig
permutation 0,0.6666666666666666,0.5555555555555556,0.5833333333333334,mdsig
permutation 0,0.7777777777777778,0.5714285714285714,0.5,mdsig
permutation 0,0.5555555555555556,0.3333333333333333,0.5,mdsig
permutation 0,0.6666666666666666,0.3888888888888889,0.5,mdsig
permutation 0,0.4444444444444444,0.0,0.4,mdsig
permutation 0,0.8888888888888888,0.8214285714285715,0.75,mdsig
permutation 0,0.4444444444444444,0.775,0.5,mdsig
permutation 0,0.6666666666666666,0.32142857142857145,0.42857142857142855,mdsig
permutation 0,1.0,1.0,1.0,mdsig
permutation 0,0.8888888888888888,0.25,0.5,mdsig
permutation 0,0.7777777777777778,0.3571428571428572,0.5,mdsig
permutation 0,0.6666666666666666,0.17857142857142858,0.42857142857142855,mdsig
permutation 0,0.6666666666666666,0.25,0.375,mdsig
permutation 0,0.6666666666666666,0.6071428571428571,0.6071428571428572,mdsig
permutation 0,0.6666666666666666,0.55,0.625,mdsig
permutation 0,0.5555555555555556,0.22222222222222224,0.4166666666666667,mdsig
permutation 0,0.8888888888888888,0.0,0.5,mdsig
permutation 0,0.5555555555555556,0.14285714285714285,0.35714285714285715,mdsig
permutation 0,0.6666666666666666,0.4285714285714286,0.42857142857142855,mdsig
permutation 0,0.6666666666666666,0.13888888888888887,0.5,mdsig
permutation 0,0.6666666666666666,0.625,0.625,mdsig
permutation 0,0.6666666666666666,0.5357142857142857,0.42857142857142855,mdsig
permutation 0,0.5555555555555556,0.85,0.5,mdsig
permutation 0,0.6666666666666666,0.5,0.375,mdsig
permutation 1,0.5555555555555556,0.2222222222222222,0.4166666666666667,mdsig
permutation 1,0.7777777777777778,0.0,0.5,mdsig
permutation 1,0.5555555555555556,0.0,0.3125,mdsig
permutation 1,0.6666666666666666,0.0625,0.375,mdsig
permutation 1,0.4444444444444444,0.7,0.5,mdsig
permutation 1,0.7777777777777778,0.7857142857142857,0.5,mdsig
permutation 1,0.6666666666666666,0.7142857142857143,0.6071428571428572,mdsig
permutation 1,0.3333333333333333,0.3214285714285714,0.39285714285714285,mdsig
permutation 1,0.6666666666666666,0.6071428571428571,0.6071428571428572,mdsig
permutation 1,0.5555555555555556,0.33333333333333337,0.4166666666666667,mdsig
permutation 1,0.5555555555555556,0.375,0.6,mdsig
permutation 1,0.8888888888888888,0.888888888888889,0.8333333333333333,mdsig
permutation 1,0.7777777777777778,0.0625,0.4375,mdsig
permutation 1,0.7777777777777778,0.07142857142857145,0.5,mdsig
permutation 1,0.8888888888888888,0.9285714285714286,0.75,mdsig
permutation 1,0.6666666666666666,0.5555555555555556,0.5,mdsig
permutation 1,0.6666666666666666,0.25,0.5,mdsig
permutation 1,0.7777777777777778,0.2142857142857143,0.5,mdsig
permutation 1,0.4444444444444444,0.55,0.4,mdsig
permutation 1,0.3333333333333333,0.3,0.3,mdsig
permutation 1,0.7777777777777778,0.0,0.5,mdsig
permutation 1,0.8888888888888888,0.625,0.5,mdsig
permutation 1,0.6666666666666666,0.3055555555555556,0.5,mdsig
permutation 1,0.6666666666666666,0.2777777777777778,0.5,mdsig
permutation 1,0.6666666666666666,0.5,0.5,mdsig
permutation 2,0.6666666666666666,0.2857142857142857,0.42857142857142855,mdsig
permutation 2,0.6666666666666666,0.3333333333333333,0.5833333333333334,mdsig
permutation 2,0.4444444444444444,0.3611111111111111,0.3333333333333333,mdsig
permutation 2,0.4444444444444444,0.22222222222222224,0.3333333333333333,mdsig
permutation 2,0.6666666666666666,0.41666666666666663,0.5,mdsig
permutation 2,0.7777777777777778,0.4285714285714286,0.5,mdsig
permutation 2,0.6666666666666666,0.8055555555555556,0.5,mdsig
permutation 2,0.5555555555555556,0.6428571428571429,0.35714285714285715,mdsig
permutation 2,0.6666666666666666,0.35714285714285715,0.42857142857142855,mdsig
permutation 2,0.5555555555555556,0.4166666666666667,0.4166666666666667,mdsig
permutation 2,0.7777777777777778,0.4642857142857143,0.5,mdsig
permutation 2,0.7777777777777778,0.35714285714285715,0.5,mdsig
permutation 2,0.6666666666666666,0.8333333333333334,0.5,mdsig
permutation 2,0.6666666666666666,0.0,0.375,mdsig
permutation 2,0.8888888888888888,0.5,0.5,mdsig
permutation 2,0.5555555555555556,0.6749999999999999,0.5,mdsig
permutation 2,0.5555555555555556,0.5,0.5,mdsig
permutation 2,0.5555555555555556,0.525,0.5,mdsig
permutation 2,0.6666666666666666,0.611111111111111,0.5,mdsig
permutation 2,0.5555555555555556,0.47222222222222227,0.4166666666666667,mdsig
permutation 2,0.6666666666666666,0.3888888888888889,0.5,mdsig
permutation 2,0.6666666666666666,0.14285714285714285,0.42857142857142855,mdsig
permutation 2,0.2222222222222222,0.24999999999999997,0.25,mdsig
permutation 2,0.5555555555555556,0.525,0.5,mdsig
permutation 2,0.6666666666666666,0.2142857142857143,0.42857142857142855,mdsig
permutation 3,0.6666666666666666,0.07142857142857145,0.42857142857142855,mdsig
permutation 3,0.8888888888888888,0.5,0.5,mdsig
permutation 3,0.7777777777777778,0.2142857142857143,0.5,mdsig
permutation 3,0.7777777777777778,0.3928571428571429,0.5,mdsig
permutation 3,0.5555555555555556,0.75,0.5,mdsig
permutation 3,0.8888888888888888,0.25,0.5,mdsig
permutation 3,0.8888888888888888,0.5,0.75,mdsig
permutation 3,0.8888888888888888,0.25,0.5,mdsig
permutation 3,0.4444444444444444,0.16666666666666669,0.3333333333333333,mdsig
permutation 3,0.8888888888888888,0.5,0.5,mdsig
permutation 3,0.6666666666666666,0.75,0.375,mdsig
permutation 3,0.5555555555555556,0.2142857142857143,0.35714285714285715,mdsig
permutation 3,0.6666666666666666,0.4285714285714286,0.42857142857142855,mdsig
permutation 3,0.4444444444444444,0.2777777777777778,0.41666666666666663,mdsig
permutation 3,0.6666666666666666,0.38888888888888884,0.5,mdsig
permutation 3,0.6666666666666666,0.5,0.42857142857142855,mdsig
permutation 3,0.5555555555555556,0.08333333333333333,0.4166666666666667,mdsig
permutation 3,0.6666666666666666,0.4285714285714286,0.42857142857142855,mdsig
permutation 3,0.7777777777777778,0.25,0.4375,mdsig
permutation 3,0.5555555555555556,0.8,0.5,mdsig
permutation 3,0.8888888888888888,1.0,0.75,mdsig
permutation 3,0.3333333333333333,0.25,0.25,mdsig
permutation 3,0.5555555555555556,0.35,0.5,mdsig
permutation 3,0.7777777777777778,0.5,0.5,mdsig
permutation 3,0.6666666666666666,0.75,0.375,mdsig
permutation 4,0.5555555555555556,0.675,0.5,mdsig
permutation 4,0.5555555555555556,0.275,0.525,mdsig
permutation 4,0.5555555555555556,0.8,0.5,mdsig
permutation 4,0.3333333333333333,0.1111111111111111,0.5,mdsig
permutation 4,0.4444444444444444,0.35,0.5,mdsig
permutation 4,0.6666666666666666,0.24999999999999997,0.5,mdsig
permutation 4,0.6666666666666666,0.6071428571428571,0.6071428571428572,mdsig
permutation 4,0.3333333333333333,0.15000000000000002,0.375,mdsig
permutation 4,0.6666666666666666,0.4375,0.375,mdsig
permutation 4,0.6666666666666666,0.16666666666666666,0.5,mdsig
permutation 4,0.3333333333333333,0.3055555555555556,0.25,mdsig
permutation 4,0.7777777777777778,0.2142857142857143,0.5,mdsig
permutation 4,0.5555555555555556,0.275,0.525,mdsig
permutation 4,0.7777777777777778,0.1875,0.4375,mdsig
permutation 4,0.8888888888888888,0.25,0.5,mdsig
permutation 4,0.4444444444444444,0.475,0.5,mdsig
permutation 4,0.7777777777777778,0.6666666666666666,0.6666666666666666,mdsig
permutation 4,0.4444444444444444,0.65,0.4,mdsig
permutation 4,0.5555555555555556,0.625,0.75,mdsig
permutation 4,0.4444444444444444,0.16666666666666669,0.3333333333333333,mdsig
permutation 4,0.7777777777777778,0.5,0.5,mdsig
permutation 4,0.8888888888888888,0.75,0.5,mdsig
permutation 4,0.4444444444444444,0.6000000000000001,0.5,mdsig
permutation 4,0.5555555555555556,0.475,0.5,mdsig
permutation 4,0.6666666666666666,0.6388888888888888,0.5833333333333334,mdsig
permutation 5,0.7777777777777778,0.4444444444444444,0.6666666666666666,mdsig
permutation 5,0.6666666666666666,0.8,0.625,mdsig
permutation 5,0.7777777777777778,0.35714285714285715,0.5,mdsig
permutation 5,0.5555555555555556,0.575,0.5,mdsig
permutation 5,0.8888888888888888,1.0,0.5,mdsig
permutation 5,0.7777777777777778,0.25,0.4375,mdsig
permutation 5,0.7777777777777778,0.5357142857142857,0.6785714285714286,mdsig
permutation 5,0.5555555555555556,0.45000000000000007,0.5,mdsig
permutation 5,0.6666666666666666,0.49999999999999994,0.5,mdsig
permutation 5,0.7777777777777778,0.4285714285714286,0.5,mdsig
permutation 5,0.5555555555555556,0.5277777777777778,0.5,mdsig
permutation 5,0.6666666666666666,0.38888888888888884,0.5833333333333334,mdsig
permutation 5,0.8888888888888888,0.625,0.5,mdsig
permutation 5,0.6666666666666666,0.22222222222222224,0.5,mdsig
permutation 5,0.8888888888888888,1.0,0.5,mdsig
permutation 5,0.6666666666666666,0.75,0.625,mdsig
permutation 5,0.7777777777777778,0.8571428571428571,0.5,mdsig
permutation 5,0.6666666666666666,0.775,0.625,mdsig
permutation 5,0.6666666666666666,0.638888888888889,0.5,mdsig
permutation 5,0.5555555555555556,0.7250000000000001,0.5,mdsig
permutation 5,0.5555555555555556,0.6388888888888888,0.5833333333333333,mdsig
permutation 5,0.6666666666666666,0.41666666666666663,0.5833333333333334,mdsig
permutation 5,0.6666666666666666,0.5,0.42857142857142855,mdsig
permutation 5,0.5555555555555556,0.5750000000000001,0.5,mdsig
permutation 5,0.8888888888888888,0.625,0.5,mdsig
permutation 6,0.6666666666666666,0.32142857142857145,0.42857142857142855,mdsig
permutation 6,0.5555555555555556,0.35714285714285715,0.35714285714285715,mdsig
permutation 6,0.4444444444444444,0.8,0.5,mdsig
permutation 6,0.4444444444444444,0.3333333333333333,0.3333333333333333,mdsig
permutation 6,0.7777777777777778,0.2142857142857143,0.5,mdsig
permutation 6,0.6666666666666666,0.38888888888888884,0.5,mdsig
permutation 6,0.7777777777777778,0.0,0.4375,mdsig
permutation 6,0.5555555555555556,0.3,0.5,mdsig
permutation 6,0.8888888888888888,0.875,0.5,mdsig
permutation 6,0.8888888888888888,0.25,0.5,mdsig
permutation 6,0.7777777777777778,0.9285714285714286,0.5,mdsig
permutation 6,0.6666666666666666,0.6875,0.375,mdsig
permutation 6,0.6666666666666666,0.5,0.5,mdsig
permutation 6,0.7777777777777778,0.4285714285714286,0.5,mdsig
permutation 6,0.5555555555555556,0.6666666666666667,0.6666666666666666,mdsig
permutation 6,0.8888888888888888,1.0,0.9375,mdsig
permutation 6,0.5555555555555556,0.4,0.5,mdsig
permutation 6,0.7777777777777778,0.2142857142857143,0.5,mdsig
permutation 6,0.6666666666666666,0.5,0.5,mdsig
permutation 6,0.6666666666666666,0.7222222222222222,0.5,mdsig
permutation 6,0.7777777777777778,0.3214285714285714,0.5,mdsig
permutation 6,0.6666666666666666,0.49999999999999994,0.5,mdsig
permutation 6,0.6666666666666666,0.1875,0.375,mdsig
permutation 6,0.6666666666666666,0.5,0.5,mdsig
permutation 6,0.4444444444444444,0.2857142857142857,0.2857142857142857,mdsig
permutation 7,0.7777777777777778,0.5,0.4375,mdsig
permutation 7,0.4444444444444444,0.2,0.5,mdsig
permutation 7,0.3333333333333333,0.02777777777777777,0.25,mdsig
permutation 7,0.7777777777777778,0.0625,0.4375,mdsig
permutation 7,0.6666666666666666,0.5555555555555556,0.5,mdsig
permutation 7,0.5555555555555556,0.5277777777777778,0.4166666666666667,mdsig
permutation 7,0.5555555555555556,0.55,0.5,mdsig
permutation 7,0.4444444444444444,0.05555555555555556,0.3333333333333333,mdsig
permutation 7,0.6666666666666666,0.7777777777777778,0.5,mdsig
permutation 7,0.5555555555555556,0.1428571428571429,0.35714285714285715,mdsig
permutation 7,0.4444444444444444,0.6,0.5,mdsig
permutation 7,0.8888888888888888,0.0,0.5,mdsig
permutation 7,0.6666666666666666,0.5833333333333334,0.5,mdsig
permutation 7,0.5555555555555556,0.35714285714285715,0.35714285714285715,mdsig
permutation 7,0.7777777777777778,0.125,0.4375,mdsig
permutation 7,0.5555555555555556,0.6499999999999999,0.5,mdsig
permutation 7,0.7777777777777778,0.6428571428571429,0.5,mdsig
permutation 7,0.6666666666666666,0.6111111111111112,0.5833333333333334,mdsig
permutation 7,0.7777777777777778,0.8571428571428571,0.5,mdsig
permutation 7,0.6666666666666666,0.8333333333333334,0.5,mdsig
permutation 7,0.3333333333333333,0.14285714285714285,0.21428571428571427,mdsig
permutation 7,0.5555555555555556,0.75,0.75,mdsig
permutation 7,0.7777777777777778,0.4285714285714286,0.5,mdsig
permutation 7,0.5555555555555556,0.39999999999999997,0.5,mdsig
permutation 7,0.7777777777777778,0.7142857142857143,0.5,mdsig
permutation 8,0.7777777777777778,0.7857142857142857,0.6785714285714286,mdsig
permutation 8,0.5555555555555556,0.39999999999999997,0.5,mdsig
permutation 8,0.7777777777777778,1.0,0.5,mdsig
permutation 8,0.7777777777777778,0.0625,0.4375,mdsig
permutation 8,0.5555555555555556,0.17857142857142858,0.35714285714285715,mdsig
permutation 8,0.7777777777777778,0.6666666666666667,0.6666666666666666,mdsig
permutation 8,0.7777777777777778,0.0,0.4375,mdsig
permutation 8,0.5555555555555556,0.375,0.3125,mdsig
permutation 8,0.8888888888888888,0.75,0.75,mdsig
permutation 8,0.7777777777777778,0.625,0.4375,mdsig
permutation 8,0.5555555555555556,0.33333333333333337,0.4166666666666667,mdsig
permutation 8,0.7777777777777778,0.5555555555555556,0.6666666666666666,mdsig
permutation 8,0.5555555555555556,0.35,0.5,mdsig
permutation 8,0.5555555555555556,0.375,0.3125,mdsig
permutation 8,0.5555555555555556,0.375,0.6,mdsig
permutation 8,0.6666666666666666,0.6111111111111112,0.5,mdsig
permutation 8,0.7777777777777778,0.035714285714285726,0.5,mdsig
permutation 8,0.7777777777777778,1.0,0.5,mdsig
permutation 8,0.8888888888888888,1.0,0.5,mdsig
permutation 8,0.4444444444444444,0.4,0.5,mdsig
permutation 8,0.6666666666666666,0.33333333333333337,0.5,mdsig
permutation 8,0.6666666666666666,0.7777777777777778,0.5,mdsig
permutation 8,0.5555555555555556,0.75,0.5,mdsig
permutation 8,0.6666666666666666,0.22222222222222224,0.5,mdsig
permutation 8,0.7777777777777778,0.5714285714285714,0.6785714285714286,mdsig
permutation 9,0.5555555555555556,0.4285714285714286,0.5357142857142857,mdsig
permutation 9,0.4444444444444444,0.375,0.4,mdsig
permutation 9,0.8888888888888888,0.6785714285714286,0.75,mdsig
permutation 9,0.8888888888888888,0.9285714285714286,0.75,mdsig
permutation 9,0.6666666666666666,0.2857142857142857,0.42857142857142855,mdsig
permutation 9,0.6666666666666666,0.4285714285714286,0.42857142857142855,mdsig
permutation 9,0.6666666666666666,0.6111111111111112,0.5,mdsig
permutation 9,0.4444444444444444,0.375,0.25,mdsig
permutation 9,1.0,1.0,1.0,mdsig
permutation 9,0.5555555555555556,0.5499999999999999,0.5,mdsig
permutation 9,0.8888888888888888,0.5,0.5,mdsig
permutation 9,0.4444444444444444,0.5714285714285714,0.2857142857142857,mdsig
permutation 9,0.5555555555555556,0.6749999999999999,0.5,mdsig
permutation 9,0.8888888888888888,0.5,0.5,mdsig
permutation 9,0.7777777777777778,0.7142857142857143,0.5,mdsig
permutation 9,0.4444444444444444,0.44999999999999996,0.4,mdsig
permutation 9,0.5555555555555556,0.19999999999999998,0.5,mdsig
permutation 9,0.5555555555555556,0.35,0.5,mdsig
permutation 9,0.6666666666666666,0.6666666666666667,0.5,mdsig
permutation 9,0.5555555555555556,0.6,0.6,mdsig
permutation 9,0.5555555555555556,0.6111111111111112,0.5833333333333333,mdsig
permutation 9,0.6666666666666666,0.7777777777777779,0.5,mdsig
permutation 9,0.5555555555555556,0.525,0.5,mdsig
permutation 9,0.7777777777777778,0.8571428571428572,0.5,mdsig
permutation 9,0.7777777777777778,0.4285714285714286,0.5,mdsig
permutation 10,0.7777777777777778,0.7857142857142857,0.5,mdsig
permutation 10,0.3333333333333333,0.7500000000000001,0.5,mdsig
permutation 10,0.5555555555555556,0.35,0.5,mdsig
permutation 10,0.5555555555555556,0.5,0.5,mdsig
permutation 10,0.7777777777777778,0.625,0.4375,mdsig
permutation 10,0.5555555555555556,0.475,0.5,mdsig
permutation 10,0.4444444444444444,0.65,0.5,mdsig
permutation 10,0.6666666666666666,0.05555555555555554,0.5,mdsig
permutation 10,0.5555555555555556,0.8,0.5,mdsig
permutation 10,0.5555555555555556,0.16666666666666666,0.4166666666666667,mdsig
permutation 10,0.6666666666666666,0.5714285714285714,0.42857142857142855,mdsig
permutation 10,0.7777777777777778,0.5555555555555556,0.6666666666666666,mdsig
permutation 10,0.6666666666666666,0.6111111111111112,0.5,mdsig
permutation 10,0.7777777777777778,0.2142857142857143,0.5,mdsig
permutation 10,1.0,1.0,1.0,mdsig
permutation 10,0.6666666666666666,0.35714285714285715,0.42857142857142855,mdsig
permutation 10,1.0,1.0,1.0,mdsig
permutation 10,0.6666666666666666,0.75,0.5,mdsig
permutation 10,0.4444444444444444,0.33333333333333337,0.3333333333333333,mdsig
permutation 10,0.7777777777777778,0.1428571428571429,0.5,mdsig
permutation 10,0.7777777777777778,0.4642857142857143,0.5,mdsig
permutation 10,0.8888888888888888,0.5,0.5,mdsig
permutation 10,0.6666666666666666,0.38888888888888884,0.5,mdsig
permutation 10,0.5555555555555556,0.32499999999999996,0.5,mdsig
permutation 10,0.5555555555555556,0.6,0.5,mdsig
permutation 11,0.5555555555555556,0.3611111111111111,0.4166666666666667,mdsig
permutation 11,0.8888888888888888,0.9375,0.9375,mdsig
permutation 11,0.5555555555555556,0.8500000000000001,0.5,mdsig
permutation 11,0.6666666666666666,0.8333333333333333,0.5,mdsig
permutation 11,0.7777777777777778,0.6875,0.4375,mdsig
permutation 11,0.7777777777777778,0.2142857142857143,0.5,mdsig
permutation 11,0.6666666666666666,0.6388888888888888,0.6666666666666666,mdsig
permutation 11,0.7777777777777778,0.10714285714285718,0.5,mdsig
permutation 11,0.7777777777777778,0.2142857142857143,0.5,mdsig
permutation 11,0.6666666666666666,0.8125,0.8125,mdsig
permutation 11,0.7777777777777778,0.375,0.4375,mdsig
permutation 11,0.6666666666666666,0.7222222222222222,0.5,mdsig
permutation 11,0.5555555555555556,0.75,0.5,mdsig
permutation 11,0.7777777777777778,0.7857142857142857,0.5,mdsig
permutation 11,0.6666666666666666,0.1388888888888889,0.5,mdsig
permutation 11,0.8888888888888888,0.5,0.5,mdsig
permutation 11,0.7777777777777778,0.5,0.6785714285714286,mdsig
permutation 11,0.6666666666666666,0.36111111111111105,0.5833333333333334,mdsig
permutation 11,0.3333333333333333,0.41666666666666663,0.41666666666666663,mdsig
permutation 11,0.5555555555555556,0.6111111111111112,0.4166666666666667,mdsig
permutation 11,0.7777777777777778,0.75,0.4375,mdsig
permutation 11,0.7777777777777778,1.0,0.5,mdsig
permutation 11,0.5555555555555556,0.75,0.75,mdsig
permutation 11,0.4444444444444444,0.65,0.5,mdsig
permutation 11,0.5555555555555556,0.0,0.4166666666666667,mdsig
permutation 12,0.7777777777777778,0.4285714285714286,0.5,mdsig
permutation 12,0.8888888888888888,0.5714285714285714,0.75,mdsig
permutation 12,0.5555555555555556,0.7750000000000001,0.5,mdsig
permutation 12,0.6666666666666666,0.2142857142857143,0.42857142857142855,mdsig
permutation 12,0.5555555555555556,0.3055555555555556,0.4166666666666667,mdsig
permutation 12,0.5555555555555556,0.5,0.4166666666666667,mdsig
permutation 12,0.5555555555555556,0.05555555555555554,0.4166666666666667,mdsig
permutation 12,0.5555555555555556,0.525,0.5,mdsig
permutation 12,0.7777777777777778,0.25,0.4375,mdsig
permutation 12,0.6666666666666666,0.2777777777777778,0.5,mdsig
permutation 12,0.7777777777777778,0.8571428571428572,0.8571428571428572,mdsig
permutation 12,0.6666666666666666,0.0,0.42857142857142855,mdsig
permutation 12,0.7777777777777778,0.2142857142857143,0.5,mdsig
permutation 12,0.6666666666666666,0.625,0.375,mdsig
permutation 12,0.5555555555555556,0.6071428571428572,0.35714285714285715,mdsig
permutation 12,0.5555555555555556,0.11111111111111108,0.4166666666666667,mdsig
permutation 12,0.7777777777777778,0.375,0.4375,mdsig
permutation 12,0.7777777777777778,0.6111111111111112,0.6666666666666666,mdsig
permutation 12,0.6666666666666666,0.8125,0.8125,mdsig
permutation 12,0.7777777777777778,0.5357142857142857,0.5,mdsig
permutation 12,0.7777777777777778,0.5714285714285714,0.5,mdsig
permutation 12,0.6666666666666666,0.25,0.5,mdsig
permutation 12,0.7777777777777778,0.5,0.5,mdsig
permutation 12,0.5555555555555556,0.2777777777777778,0.5,mdsig
permutation 12,0.5555555555555556,0.2,0.5,mdsig
permutation 13,0.6666666666666666,0.4444444444444444,0.5,mdsig
permutation 13,0.8888888888888888,0.875,0.5,mdsig
permutation 13,0.8888888888888888,0.25,0.5,mdsig
permutation 13,0.5555555555555556,0.6,0.5,mdsig
permutation 13,0.6666666666666666,0.5,0.5,mdsig
permutation 13,0.6666666666666666,0.0,0.42857142857142855,mdsig
permutation 13,0.3333333333333333,0.25,0.25,mdsig
permutation 13,0.1111111111111111,0.19444444444444448,0.16666666666666666,mdsig
permutation 13,0.6666666666666666,0.3888888888888889,0.5,mdsig
permutation 13,0.8888888888888888,0.875,0.5,mdsig
permutation 13,0.6666666666666666,0.125,0.375,mdsig
permutation 13,0.8888888888888888,0.875,0.5,mdsig
permutation 13,0.6666666666666666,0.5277777777777778,0.5,mdsig
permutation 13,0.5555555555555556,0.17857142857142858,0.35714285714285715,mdsig
permutation 13,0.6666666666666666,0.5714285714285714,0.42857142857142855,mdsig
permutation 13,0.5555555555555556,0.5,0.5,mdsig
permutation 13,0.5555555555555556,0.125,0.3125,mdsig
permutation 13,0.4444444444444444,0.4,0.4,mdsig
permutation 13,0.7777777777777778,0.5,0.4375,mdsig
permutation 13,0.6666666666666666,0.8125,0.8125,mdsig
permutation 13,0.5555555555555556,0.7777777777777778,0.4166666666666667,mdsig
permutation 13,0.8888888888888888,1.0,0.5,mdsig
permutation 13,0.7777777777777778,0.6428571428571428,0.5,mdsig
permutation 13,0.7777777777777778,0.4444444444444444,0.6666666666666666,mdsig
permutation 13,0.4444444444444444,0.25,0.3333333333333333,mdsig
permutation 14,0.7777777777777778,0.4285714285714286,0.5,mdsig
permutation 14,1.0,1.0,1.0,mdsig
permutation 14,0.7777777777777778,0.625,0.4375,mdsig
permutation 14,0.7777777777777778,0.25,0.4375,mdsig
permutation 14,0.6666666666666666,0.3333333333333333,0.5,mdsig
permutation 14,0.5555555555555556,0.14285714285714285,0.35714285714285715,mdsig
permutation 14,0.6666666666666666,0.7142857142857143,0.6071428571428572,mdsig
permutation 14,0.5555555555555556,0.7857142857142857,0.7142857142857143,mdsig
permutation 14,0.7777777777777778,0.7142857142857143,0.5,mdsig
permutation 14,0.5555555555555556,0.275,0.5,mdsig
permutation 14,0.5555555555555556,0.5,0.4166666666666667,mdsig
permutation 14,0.6666666666666666,0.2777777777777778,0.5,mdsig
permutation 14,0.5555555555555556,0.42500000000000004,0.525,mdsig
permutation 14,0.5555555555555556,0.725,0.5,mdsig
permutation 14,0.5555555555555556,0.35,0.525,mdsig
permutation 14,0.5555555555555556,0.47500000000000003,0.5,mdsig
permutation 14,0.5555555555555556,0.22222222222222224,0.4166666666666667,mdsig
permutation 14,0.5555555555555556,0.09999999999999998,0.5,mdsig
permutation 14,0.5555555555555556,0.5,0.35714285714285715,mdsig
permutation 14,0.7777777777777778,0.1428571428571429,0.5,mdsig
permutation 14,0.5555555555555556,0.5,0.35714285714285715,mdsig
permutation 14,0.7777777777777778,0.17857142857142858,0.5,mdsig
permutation 14,0.7777777777777778,0.2142857142857143,0.5,mdsig
permutation 14,0.7777777777777778,0.35714285714285715,0.5,mdsig
permutation 14,0.5555555555555556,0.36111111111111105,0.4166666666666667,mdsig
permutation 15,0.3333333333333333,0.5277777777777778,0.5,mdsig
permutation 15,0.7777777777777778,0.5714285714285714,0.5,mdsig
permutation 15,0.8888888888888888,0.5,0.5,mdsig
permutation 15,0.4444444444444444,0.2142857142857143,0.2857142857142857,mdsig
permutation 15,0.6666666666666666,0.5,0.625,mdsig
permutation 15,0.7777777777777778,1.0,0.875,mdsig
permutation 15,0.5555555555555556,0.75,0.5,mdsig
permutation 15,0.7777777777777778,0.125,0.4375,mdsig
permutation 15,0.6666666666666666,0.7500000000000001,0.5,mdsig
permutation 15,0.6666666666666666,0.2857142857142857,0.42857142857142855,mdsig
permutation 15,0.7777777777777778,0.6071428571428571,0.5,mdsig
permutation 15,0.3333333333333333,0.325,0.375,mdsig
permutation 15,0.6666666666666666,0.7777777777777778,0.5,mdsig
permutation 15,0.4444444444444444,0.19999999999999998,0.4,mdsig
permutation 15,0.8888888888888888,0.6785714285714286,0.75,mdsig
permutation 15,0.8888888888888888,0.8571428571428571,0.75,mdsig
permutation 15,0.5555555555555556,0.3125,0.3125,mdsig
permutation 15,0.8888888888888888,0.75,0.5,mdsig
permutation 15,0.7777777777777778,0.7857142857142857,0.5,mdsig
permutation 15,0.6666666666666666,0.9722222222222223,0.5,mdsig
permutation 15,0.5555555555555556,0.5249999999999999,0.5,mdsig
permutation 15,0.6666666666666666,0.25000000000000006,0.42857142857142855,mdsig
permutation 15,0.7777777777777778,0.7857142857142857,0.5,mdsig
permutation 15,0.8888888888888888,0.5,0.5,mdsig
permutation 15,0.7777777777777778,0.5,0.4375,mdsig
permutation 16,0.5555555555555556,0.08333333333333333,0.4166666666666667,mdsig
permutation 16,0.4444444444444444,0.9375,0.6875,mdsig
permutation 16,0.7777777777777778,0.35714285714285715,0.5,mdsig
permutation 16,0.5555555555555556,0.7,0.6,mdsig
permutation 16,0.7777777777777778,0.4444444444444444,0.6666666666666666,mdsig
permutation 16,0.7777777777777778,0.8571428571428572,0.6785714285714286,mdsig
permutation 16,0.7777777777777778,0.8928571428571428,0.6785714285714286,mdsig
permutation 16,0.8888888888888888,0.875,0.5,mdsig
permutation 16,0.5555555555555556,0.3,0.5,mdsig
permutation 16,0.7777777777777778,0.8571428571428571,0.8571428571428572,mdsig
permutation 16,0.5555555555555556,0.9750000000000001,0.5,mdsig
permutation 16,0.4444444444444444,0.65,0.5,mdsig
permutation 16,0.6666666666666666,0.775,0.675,mdsig
permutation 16,0.6666666666666666,0.6944444444444444,0.5,mdsig
permutation 16,0.6666666666666666,0.7222222222222222,0.5,mdsig
permutation 16,0.3333333333333333,0.25,0.625,mdsig
permutation 16,0.8888888888888888,0.75,0.8333333333333333,mdsig
permutation 16,0.4444444444444444,0.33333333333333337,0.3333333333333333,mdsig
permutation 16,0.6666666666666666,0.888888888888889,0.5,mdsig
permutation 16,0.7777777777777778,0.8571428571428571,0.5,mdsig
permutation 16,0.4444444444444444,0.9,0.5,mdsig
permutation 16,0.5555555555555556,0.41666666666666663,0.4166666666666667,mdsig
permutation 16,0.7777777777777778,0.7857142857142857,0.6785714285714286,mdsig
permutation 16,0.6666666666666666,0.6944444444444444,0.5,mdsig
permutation 16,0.4444444444444444,0.525,0.425,mdsig
permutation 17,0.5555555555555556,0.3888888888888889,0.4166666666666667,mdsig
permutation 17,0.7777777777777778,0.4285714285714286,0.5,mdsig
permutation 17,0.5555555555555556,0.3,0.5,mdsig
permutation 17,0.6666666666666666,0.5,0.5,mdsig
permutation 17,0.4444444444444444,0.4285714285714286,0.4642857142857143,mdsig
permutation 17,0.5555555555555556,0.4285714285714286,0.35714285714285715,mdsig
permutation 17,0.5555555555555556,0.575,0.5,mdsig
permutation 17,0.7777777777777778,0.5357142857142857,0.5,mdsig
permutation 17,0.8888888888888888,0.75,0.5,mdsig
permutation 17,0.5555555555555556,0.55,0.525,mdsig
permutation 17,0.5555555555555556,0.38888888888888884,0.4166666666666667,mdsig
permutation 17,0.7777777777777778,0.7857142857142857,0.5,mdsig
permutation 17,0.6666666666666666,0.4285714285714286,0.42857142857142855,mdsig
permutation 17,0.4444444444444444,0.5357142857142857,0.2857142857142857,mdsig
permutation 17,0.4444444444444444,0.25,0.25,mdsig
permutation 17,0.7777777777777778,1.0,0.5,mdsig
permutation 17,0.6666666666666666,0.7222222222222222,0.5,mdsig
permutation 17,0.6666666666666666,0.39999999999999997,0.625,mdsig
permutation 17,0.5555555555555556,0.5,0.5,mdsig
permutation 17,0.6666666666666666,0.125,0.375,mdsig
permutation 17,0.6666666666666666,0.8333333333333333,0.5,mdsig
permutation 17,0.6666666666666666,0.6388888888888888,0.5833333333333334,mdsig
permutation 17,0.3333333333333333,0.32142857142857145,0.21428571428571427,mdsig
permutation 17,0.7777777777777778,0.6428571428571429,0.5,mdsig
permutation 17,0.4444444444444444,0.35,0.5,mdsig
permutation 18,0.7777777777777778,0.3928571428571429,0.5,mdsig
permutation 18,0.5555555555555556,0.475,0.5,mdsig
permutation 18,0.6666666666666666,0.5,0.5,mdsig
permutation 18,0.8888888888888888,0.75,0.5,mdsig
permutation 18,0.6666666666666666,0.6666666666666666,0.5,mdsig
permutation 18,0.5555555555555556,0.7222222222222223,0.4166666666666667,mdsig
permutation 18,0.5555555555555556,0.475,0.5,mdsig
permutation 18,0.8888888888888888,0.125,0.5,mdsig
permutation 18,0.6666666666666666,0.3888888888888889,0.5,mdsig
permutation 18,0.6666666666666666,0.4444444444444445,0.5,mdsig
permutation 18,0.8888888888888888,0.5,0.75,mdsig
permutation 18,0.7777777777777778,0.5714285714285714,0.5,mdsig
permutation 18,0.7777777777777778,0.5714285714285714,0.6785714285714286,mdsig
permutation 18,0.5555555555555556,0.5277777777777778,0.4166666666666667,mdsig
permutation 18,0.7777777777777778,0.8571428571428571,0.5,mdsig
permutation 18,0.6666666666666666,0.5,0.5,mdsig
permutation 18,0.5555555555555556,0.41666666666666663,0.4166666666666667,mdsig
permutation 18,0.3333333333333333,0.07142857142857145,0.21428571428571427,mdsig
permutation 18,0.5555555555555556,0.2857142857142857,0.35714285714285715,mdsig
permutation 18,0.6666666666666666,0.6666666666666666,0.5,mdsig
permutation 18,0.5555555555555556,0.4,0.5,mdsig
permutation 18,0.6666666666666666,0.6111111111111112,0.5,mdsig
permutation 18,0.6666666666666666,0.4444444444444444,0.5,mdsig
permutation 18,0.6666666666666666,0.4285714285714286,0.42857142857142855,mdsig
permutation 18,0.6666666666666666,0.5833333333333334,0.5833333333333334,mdsig
permutation 19,0.7777777777777778,0.5,0.5,mdsig
permutation 19,0.7777777777777778,0.6785714285714286,0.6785714285714286,mdsig
permutation 19,0.7777777777777778,0.0625,0.4375,mdsig
permutation 19,0.7777777777777778,0.7142857142857143,0.5,mdsig
permutation 19,0.5555555555555556,0.27777777777777773,0.4166666666666667,mdsig
permutation 19,0.5555555555555556,0.5555555555555556,0.5,mdsig
permutation 19,0.4444444444444444,0.2,0.5,mdsig
permutation 19,0.4444444444444444,0.625,0.5,mdsig
permutation 19,0.4444444444444444,0.4375,0.25,mdsig
permutation 19,0.7777777777777778,0.28571428571428575,0.5,mdsig
permutation 19,0.5555555555555556,0.625,0.3125,mdsig
permutation 19,0.5555555555555556,0.4444444444444444,0.5,mdsig
permutation 19,0.5555555555555556,0.3928571428571429,0.35714285714285715,mdsig
permutation 19,0.5555555555555556,0.41666666666666663,0.4166666666666667,mdsig
permutation 19,0.6666666666666666,0.38888888888888884,0.5,mdsig
permutation 19,0.6666666666666666,0.375,0.375,mdsig
permutation 19,0.5555555555555556,0.7750000000000001,0.5,mdsig
permutation 19,0.6666666666666666,0.5555555555555556,0.5,mdsig
permutation 19,0.6666666666666666,0.7222222222222222,0.5,mdsig
permutation 19,0.5555555555555556,0.65,0.575,mdsig
permutation 19,0.7777777777777778,0.6388888888888888,0.6666666666666666,mdsig
permutation 19,0.4444444444444444,0.4,0.4,mdsig
permutation 19,0.8888888888888888,0.1875,0.5,mdsig
permutation 19,0.6666666666666666,0.08333333333333333,0.5,mdsig
permutation 19,0.8888888888888888,0.8571428571428572,0.75,mdsig
permutation 20,0.7777777777777778,0.9285714285714286,0.5,mdsig
permutation 20,0.5555555555555556,0.5555555555555556,0.4166666666666667,mdsig
permutation 20,0.5555555555555556,0.3125,0.3125,mdsig
permutation 20,0.7777777777777778,0.7857142857142857,0.5,mdsig
permutation 20,0.7777777777777778,0.4375,0.4375,mdsig
permutation 20,0.8888888888888888,0.5,0.75,mdsig
permutation 20,0.7777777777777778,0.6428571428571428,0.5,mdsig
permutation 20,0.7777777777777778,0.8333333333333333,0.6666666666666666,mdsig
permutation 20,0.7777777777777778,0.9642857142857142,0.5,mdsig
permutation 20,0.7777777777777778,0.4375,0.4375,mdsig
permutation 20,0.6666666666666666,0.5714285714285714,0.42857142857142855,mdsig
permutation 20,0.8888888888888888,0.8571428571428572,0.75,mdsig
permutation 20,0.6666666666666666,0.8055555555555556,0.5833333333333334,mdsig
permutation 20,0.7777777777777778,0.6785714285714286,0.5,mdsig
permutation 20,0.7777777777777778,0.5714285714285714,0.6785714285714286,mdsig
permutation 20,0.6666666666666666,0.7,0.675,mdsig
permutation 20,0.7777777777777778,0.8928571428571429,0.5,mdsig
permutation 20,0.6666666666666666,0.5555555555555556,0.5833333333333334,mdsig
permutation 20,0.5555555555555556,0.35,0.5,mdsig
permutation 20,0.7777777777777778,0.5,0.4375,mdsig
permutation 20,0.6666666666666666,0.625,0.375,mdsig
permutation 20,0.7777777777777778,0.8571428571428572,0.6785714285714286,mdsig
permutation 20,0.6666666666666666,0.49999999999999994,0.5,mdsig
permutation 20,0.6666666666666666,0.375,0.375,mdsig
permutation 20,0.6666666666666666,0.888888888888889,0.5,mdsig
permutation 21,0.6666666666666666,0.5357142857142857,0.42857142857142855,mdsig
permutation 21,0.5555555555555556,0.625,0.575,mdsig
permutation 21,0.7777777777777778,0.28571428571428575,0.5,mdsig
permutation 21,0.6666666666666666,0.4642857142857143,0.6071428571428572,mdsig
permutation 21,0.8888888888888888,0.9285714285714286,0.75,mdsig
permutation 21,0.6666666666666666,0.5277777777777778,0.6666666666666666,mdsig
permutation 21,0.5555555555555556,0.65,0.5,mdsig
permutation 21,0.4444444444444444,0.575,0.5,mdsig
permutation 21,0.5555555555555556,0.7000000000000001,0.5,mdsig
permutation 21,0.8888888888888888,0.5,0.5,mdsig
permutation 21,0.7777777777777778,0.2142857142857143,0.5,mdsig
permutation 21,0.8888888888888888,0.625,0.5,mdsig
permutation 21,0.6666666666666666,0.2777777777777778,0.5,mdsig
permutation 21,0.6666666666666666,0.6428571428571429,0.7857142857142857,mdsig
permutation 21,0.6666666666666666,0.2777777777777778,0.5,mdsig
permutation 21,0.6666666666666666,0.3571428571428572,0.42857142857142855,mdsig
permutation 21,0.6666666666666666,0.8333333333333333,0.5833333333333334,mdsig
permutation 21,0.6666666666666666,0.49999999999999994,0.5,mdsig
permutation 21,0.7777777777777778,0.625,0.4375,mdsig
permutation 21,0.7777777777777778,0.8571428571428572,0.5,mdsig
permutation 21,0.5555555555555556,0.27777777777777773,0.4166666666666667,mdsig
permutation 21,0.5555555555555556,0.6666666666666666,0.6666666666666666,mdsig
permutation 21,0.3333333333333333,0.75,0.5,mdsig
permutation 21,0.5555555555555556,0.2777777777777778,0.4166666666666667,mdsig
permutation 21,0.7777777777777778,0.2857142857142857,0.5,mdsig
permutation 22,0.6666666666666666,0.55,0.625,mdsig
permutation 22,0.7777777777777778,0.7142857142857143,0.5,mdsig
permutation 22,0.6666666666666666,0.2857142857142857,0.42857142857142855,mdsig
permutation 22,0.7777777777777778,0.28571428571428575,0.5,mdsig
permutation 22,0.6666666666666666,0.5833333333333333,0.5,mdsig
permutation 22,0.6666666666666666,0.27777777777777773,0.5,mdsig
permutation 22,0.7777777777777778,0.5,0.6785714285714286,mdsig
permutation 22,0.5555555555555556,0.425,0.5,mdsig
permutation 22,0.7777777777777778,0.35714285714285715,0.5,mdsig
permutation 22,0.7777777777777778,0.7222222222222222,0.6666666666666666,mdsig
permutation 22,0.8888888888888888,0.5625,0.5,mdsig
permutation 22,0.7777777777777778,0.125,0.4375,mdsig
permutation 22,0.3333333333333333,0.65,0.375,mdsig
permutation 22,0.7777777777777778,0.6666666666666666,0.6666666666666666,mdsig
permutation 22,0.8888888888888888,0.375,0.5,mdsig
permutation 22,0.7777777777777778,0.75,0.6666666666666666,mdsig
permutation 22,0.7777777777777778,0.5,0.4375,mdsig
permutation 22,0.6666666666666666,0.5,0.5,mdsig
permutation 22,0.7777777777777778,0.375,0.4375,mdsig
permutation 22,0.5555555555555556,0.36111111111111105,0.4166666666666667,mdsig
permutation 22,0.5555555555555556,0.4444444444444444,0.4166666666666667,mdsig
permutation 22,0.5555555555555556,0.16666666666666666,0.4166666666666667,mdsig
permutation 22,0.7777777777777778,0.5714285714285714,0.5,mdsig
permutation 22,0.7777777777777778,0.5714285714285714,0.6785714285714286,mdsig
permutation 22,0.7777777777777778,0.5714285714285714,0.6785714285714286,mdsig
permutation 23,0.6666666666666666,0.10714285714285718,0.42857142857142855,mdsig
permutation 23,0.7777777777777778,0.5,0.5,mdsig
permutation 23,0.7777777777777778,0.5,0.5,mdsig
permutation 23,0.7777777777777778,0.4642857142857143,0.5,mdsig
permutation 23,0.5555555555555556,0.8,0.5,mdsig
permutation 23,0.6666666666666666,0.16666666666666669,0.5,mdsig
permutation 23,0.7777777777777778,0.035714285714285726,0.5,mdsig
permutation 23,0.6666666666666666,0.1875,0.375,mdsig
permutation 23,0.4444444444444444,0.5,0.4,mdsig
permutation 23,0.6666666666666666,0.6111111111111112,0.5833333333333334,mdsig
permutation 23,0.7777777777777778,0.5555555555555556,0.6666666666666666,mdsig
permutation 23,0.6666666666666666,0.6111111111111112,0.5,mdsig
permutation 23,0.7777777777777778,0.5357142857142857,0.5,mdsig
permutation 23,0.6666666666666666,0.6666666666666667,0.5,mdsig
permutation 23,0.8888888888888888,0.625,0.5,mdsig
permutation 23,0.6666666666666666,0.8214285714285714,0.42857142857142855,mdsig
permutation 23,0.6666666666666666,0.41666666666666663,0.5,mdsig
permutation 23,0.4444444444444444,0.375,0.4,mdsig
permutation 23,0.6666666666666666,0.5833333333333333,0.5,mdsig
permutation 23,0.6666666666666666,0.4285714285714286,0.42857142857142855,mdsig
permutation 23,0.6666666666666666,0.6785714285714286,0.6071428571428572,mdsig
permutation 23,0.8888888888888888,0.75,0.5,mdsig
permutation 23,0.6666666666666666,0.25,0.375,mdsig
permutation 23,0.7777777777777778,0.8928571428571428,0.6785714285714286,mdsig
permutation 23,0.6666666666666666,0.16666666666666666,0.5,mdsig
permutation 24,0.6666666666666666,0.5,0.5,mdsig
permutation 24,0.6666666666666666,0.9166666666666667,0.5,mdsig
permutation 24,0.6666666666666666,0.2222222222222222,0.5,mdsig
permutation 24,0.5555555555555556,0.14285714285714285,0.35714285714285715,mdsig
permutation 24,0.6666666666666666,0.3333333333333333,0.5,mdsig
permutation 24,0.5555555555555556,0.55,0.5,mdsig
permutation 24,0.7777777777777778,0.14285714285714285,0.5,mdsig
permutation 24,0.7777777777777778,0.5714285714285714,0.6785714285714286,mdsig
permutation 24,0.5555555555555556,0.3,0.5,mdsig
permutation 24,0.8888888888888888,0.125,0.5,mdsig
permutation 24,0.6666666666666666,0.9375,0.8125,mdsig
permutation 24,0.7777777777777778,0.375,0.4375,mdsig
permutation 24,0.5555555555555556,0.7142857142857143,0.7142857142857143,mdsig
permutation 24,0.6666666666666666,0.125,0.375,mdsig
permutation 24,0.5555555555555556,0.6111111111111112,0.4166666666666667,mdsig
permutation 24,0.7777777777777778,0.25,0.5,mdsig
permutation 24,0.6666666666666666,0.3333333333333333,0.5,mdsig
permutation 24,0.5555555555555556,0.45,0.5,mdsig
permutation 24,0.6666666666666666,0.4722222222222222,0.5,mdsig
permutation 24,0.7777777777777778,0.8928571428571428,0.6785714285714286,mdsig
permutation 24,0.6666666666666666,0.5,0.5,mdsig
permutation 24,0.6666666666666666,0.125,0.375,mdsig
permutation 24,0.7777777777777778,0.14285714285714285,0.5,mdsig
permutation 24,0.7777777777777778,0.125,0.4375,mdsig
permutation 24,0.5555555555555556,0.2222222222222222,0.4166666666666667,mdsig
original,0.8888888888888888,0.7777777777777778,0.8333333333333333,auslander
original,0.8888888888888888,0.9444444444444444,0.9166666666666667,auslander
original,0.7777777777777778,0.4642857142857143,0.6785714285714286,auslander
original,0.6666666666666666,0.375,0.625,auslander
original,0.6666666666666666,0.8333333333333334,0.5,auslander
original,0.7777777777777778,0.8571428571428572,0.6785714285714286,auslander
original,1.0,1.0,1.0,auslander
original,0.6666666666666666,0.888888888888889,0.5833333333333334,auslander
original,0.7777777777777778,0.5,0.6666666666666666,auslander
original,1.0,1.0,1.0,auslander
original,0.7777777777777778,0.6111111111111112,0.6666666666666666,auslander
original,0.7777777777777778,0.875,0.4375,auslander
original,0.6666666666666666,1.0,0.5,auslander
original,0.8888888888888888,0.8571428571428572,0.9285714285714286,auslander
original,0.7777777777777778,0.8333333333333334,0.75,auslander
original,0.7777777777777778,0.6666666666666667,0.75,auslander
original,0.7777777777777778,0.7777777777777778,0.75,auslander
original,0.7777777777777778,0.75,0.75,auslander
original,0.7777777777777778,1.0,0.5,auslander
original,0.5555555555555556,0.5714285714285714,0.35714285714285715,auslander
original,0.7777777777777778,1.0,0.5,auslander
original,0.7777777777777778,0.4285714285714286,0.6785714285714286,auslander
original,0.6666666666666666,0.9166666666666667,0.5,auslander
original,0.8888888888888888,0.5714285714285714,0.75,auslander
original,1.0,1.0,1.0,auslander
permutation 0,0.5555555555555556,0.5833333333333333,0.4166666666666667,auslander
permutation 0,0.6666666666666666,0.75,0.75,auslander
permutation 0,0.5555555555555556,0.8,0.5,auslander
permutation 0,0.6666666666666666,0.5833333333333334,0.5833333333333334,auslander
permutation 0,0.6666666666666666,0.1111111111111111,0.5,auslander
permutation 0,0.4444444444444444,0.525,0.5,auslander
permutation 0,0.8888888888888888,1.0,0.5,auslander
permutation 0,0.7777777777777778,0.5,0.5,auslander
permutation 0,0.4444444444444444,0.65,0.5,auslander
permutation 0,0.4444444444444444,0.4375,0.25,auslander
permutation 0,0.7777777777777778,0.7857142857142857,0.5,auslander
permutation 0,0.5555555555555556,0.675,0.5,auslander
permutation 0,0.8888888888888888,0.375,0.5,auslander
permutation 0,0.6666666666666666,0.3333333333333333,0.5,auslander
permutation 0,0.5555555555555556,0.22222222222222224,0.4166666666666667,auslander
permutation 0,0.5555555555555556,0.7000000000000001,0.5,auslander
permutation 0,0.5555555555555556,0.6500000000000001,0.5,auslander
permutation 0,0.7777777777777778,0.2857142857142857,0.5,auslander
permutation 0,0.4444444444444444,0.25,0.25,auslander
permutation 0,0.5555555555555556,0.3,0.5,auslander
permutation 0,0.6666666666666666,0.7857142857142857,0.42857142857142855,auslander
permutation 0,0.5555555555555556,0.5833333333333333,0.4166666666666667,auslander
permutation 0,0.4444444444444444,0.25,0.5,auslander
permutation 0,0.7777777777777778,0.6428571428571429,0.5,auslander
permutation 0,0.8888888888888888,0.75,0.5,auslander
permutation 1,0.3333333333333333,0.5833333333333333,0.5,auslander
permutation 1,0.6666666666666666,0.5555555555555556,0.5,auslander
permutation 1,0.8888888888888888,0.125,0.5,auslander
permutation 1,0.6666666666666666,0.6666666666666667,0.5,auslander
permutation 1,0.6666666666666666,0.6071428571428571,0.6071428571428572,auslander
permutation 1,0.5555555555555556,0.4285714285714286,0.5357142857142857,auslander
permutation 1,0.2222222222222222,0.27777777777777773,0.25,auslander
permutation 1,0.8888888888888888,0.625,0.5,auslander
permutation 1,0.8888888888888888,0.75,0.5,auslander
permutation 1,0.5555555555555556,0.14999999999999997,0.5,auslander
permutation 1,0.4444444444444444,0.25,0.5,auslander
permutation 1,0.4444444444444444,0.7000000000000001,0.5,auslander
permutation 1,0.6666666666666666,0.9375,0.8125,auslander
permutation 1,0.7777777777777778,0.8125,0.4375,auslander
permutation 1,0.5555555555555556,0.325,0.5,auslander
permutation 1,0.7777777777777778,0.14285714285714285,0.5,auslander
permutation 1,0.7777777777777778,0.875,0.4375,auslander
permutation 1,0.7777777777777778,0.25,0.5,auslander
permutation 1,1.0,1.0,1.0,auslander
permutation 1,0.7777777777777778,0.32142857142857145,0.5,auslander
permutation 1,0.4444444444444444,0.6875,0.6875,auslander
permutation 1,0.5555555555555556,0.375,0.5,auslander
permutation 1,0.7777777777777778,0.5714285714285714,0.5,auslander
permutation 1,0.5555555555555556,0.5499999999999999,0.5,auslander
permutation 1,0.8888888888888888,0.875,0.9375,auslander
permutation 2,0.5555555555555556,0.5357142857142857,0.5357142857142857,auslander
permutation 2,0.7777777777777778,0.9285714285714286,0.5,auslander
permutation 2,0.7777777777777778,0.7142857142857143,0.5,auslander
permutation 2,0.7777777777777778,0.38888888888888884,0.6666666666666666,auslander
permutation 2,0.2222222222222222,0.32142857142857145,0.3214285714285714,auslander
permutation 2,0.5555555555555556,0.8,0.6,auslander
permutation 2,0.4444444444444444,0.425,0.5,auslander
permutation 2,0.3333333333333333,0.625,0.625,auslander
permutation 2,0.7777777777777778,0.7857142857142857,0.5,auslander
permutation 2,0.5555555555555556,0.6500000000000001,0.5,auslander
permutation 2,0.6666666666666666,0.3055555555555555,0.5,auslander
permutation 2,0.8888888888888888,0.0,0.5,auslander
permutation 2,0.5555555555555556,0.3,0.5,auslander
permutation 2,0.4444444444444444,0.5357142857142857,0.4642857142857143,auslander
permutation 2,0.7777777777777778,0.6785714285714286,0.5,auslander
permutation 2,0.4444444444444444,0.42500000000000004,0.425,auslander
permutation 2,0.6666666666666666,0.38888888888888884,0.5,auslander
permutation 2,0.8888888888888888,0.0625,0.5,auslander
permutation 2,0.5555555555555556,0.625,0.5,auslander
permutation 2,0.8888888888888888,0.125,0.5,auslander
permutation 2,0.6666666666666666,0.5555555555555556,0.5,auslander
permutation 2,0.6666666666666666,0.2222222222222222,0.5,auslander
permutation 2,0.5555555555555556,0.15,0.5,auslander
permutation 2,0.6666666666666666,0.3571428571428572,0.42857142857142855,auslander
permutation 2,0.7777777777777778,0.5,0.5,auslander
permutation 3,0.8888888888888888,0.0,0.5,auslander
permutation 3,0.6666666666666666,0.6388888888888888,0.5,auslander
permutation 3,0.6666666666666666,0.3333333333333333,0.5,auslander
permutation 3,0.5555555555555556,0.09999999999999998,0.5,auslander
permutation 3,0.4444444444444444,0.44999999999999996,0.5,auslander
permutation 3,0.8888888888888888,0.75,0.5,auslander
permutation 3,0.6666666666666666,0.6666666666666667,0.5,auslander
permutation 3,0.8888888888888888,0.8125,0.5,auslander
permutation 3,0.5555555555555556,0.15,0.5,auslander
permutation 3,0.7777777777777778,0.2142857142857143,0.5,auslander
permutation 3,0.6666666666666666,0.2142857142857143,0.42857142857142855,auslander
permutation 3,0.5555555555555556,0.5,0.4166666666666667,auslander
permutation 3,0.7777777777777778,0.9285714285714286,0.5,auslander
permutation 3,0.6666666666666666,0.16666666666666663,0.5,auslander
permutation 3,0.6666666666666666,0.4444444444444445,0.5,auslander
permutation 3,0.7777777777777778,0.4285714285714286,0.5,auslander
permutation 3,0.5555555555555556,0.95,0.5,auslander
permutation 3,0.8888888888888888,1.0,0.5,auslander
permutation 3,0.8888888888888888,0.375,0.5,auslander
permutation 3,0.6666666666666666,0.7777777777777778,0.5,auslander
permutation 3,0.3333333333333333,0.41666666666666674,0.5,auslander
permutation 3,0.6666666666666666,0.42857142857142855,0.6071428571428572,auslander
permutation 3,0.7777777777777778,0.4642857142857143,0.5,auslander
permutation 3,0.7777777777777778,0.7142857142857143,0.5,auslander
permutation 3,0.7777777777777778,0.2142857142857143,0.5,auslander
permutation 4,0.6666666666666666,0.5,0.375,auslander
permutation 4,0.8888888888888888,0.0,0.5,auslander
permutation 4,0.6666666666666666,0.8125,0.8125,auslander
permutation 4,0.7777777777777778,0.5,0.5,auslander
permutation 4,0.7777777777777778,0.875,0.4375,auslander
permutation 4,0.5555555555555556,0.4444444444444444,0.4166666666666667,auslander
permutation 4,0.6666666666666666,0.07142857142857145,0.42857142857142855,auslander
permutation 4,0.3333333333333333,0.3333333333333333,0.25,auslander
permutation 4,0.5555555555555556,0.6,0.6,auslander
permutation 4,0.6666666666666666,0.6666666666666667,0.6666666666666666,auslander
permutation 4,0.6666666666666666,0.5555555555555556,0.5,auslander
permutation 4,0.3333333333333333,0.41666666666666663,0.41666666666666663,auslander
permutation 4,0.7777777777777778,0.8571428571428572,0.5,auslander
permutation 4,0.7777777777777778,0.1785714285714286,0.5,auslander
permutation 4,0.5555555555555556,0.6428571428571428,0.35714285714285715,auslander
permutation 4,0.6666666666666666,0.35714285714285715,0.42857142857142855,auslander
permutation 4,0.7777777777777778,0.875,0.4375,auslander
permutation 4,0.4444444444444444,0.575,0.5,auslander
permutation 4,0.6666666666666666,0.28571428571428575,0.42857142857142855,auslander
permutation 4,0.6666666666666666,0.9722222222222222,0.5,auslander
permutation 4,0.8888888888888888,0.5,0.5,auslander
permutation 4,0.8888888888888888,0.6785714285714286,0.75,auslander
permutation 4,0.5555555555555556,0.525,0.5,auslander
permutation 4,0.7777777777777778,0.6428571428571428,0.6785714285714286,auslander
permutation 4,0.7777777777777778,0.125,0.4375,auslander
permutation 5,0.7777777777777778,0.7857142857142857,0.5,auslander
permutation 5,0.5555555555555556,0.5357142857142857,0.5357142857142857,auslander
permutation 5,0.5555555555555556,0.3333333333333333,0.4166666666666667,auslander
permutation 5,0.5555555555555556,0.475,0.5,auslander
permutation 5,0.5555555555555556,0.7749999999999999,0.5,auslander
permutation 5,0.7777777777777778,0.5,0.5,auslander
permutation 5,0.5555555555555556,0.42857142857142855,0.35714285714285715,auslander
permutation 5,0.4444444444444444,0.4285714285714286,0.2857142857142857,auslander
permutation 5,0.6666666666666666,0.6666666666666667,0.5,auslander
permutation 5,0.7777777777777778,0.625,0.4375,auslander
permutation 5,0.6666666666666666,0.5357142857142857,0.6071428571428572,auslander
permutation 5,0.7777777777777778,0.6785714285714286,0.5,auslander
permutation 5,0.7777777777777778,0.6428571428571429,0.5,auslander
permutation 5,0.7777777777777778,0.28571428571428575,0.5,auslander
permutation 5,0.5555555555555556,0.55,0.5,auslander
permutation 5,0.6666666666666666,0.3888888888888889,0.5,auslander
permutation 5,1.0,1.0,1.0,auslander
permutation 5,0.7777777777777778,0.4642857142857143,0.5,auslander
permutation 5,0.5555555555555556,0.35,0.5,auslander
permutation 5,0.6666666666666666,0.41666666666666663,0.5,auslander
permutation 5,0.7777777777777778,0.75,0.4375,auslander
permutation 5,0.8888888888888888,0.4375,0.5,auslander
permutation 5,0.4444444444444444,0.2857142857142857,0.2857142857142857,auslander
permutation 5,0.6666666666666666,0.5,0.5,auslander
permutation 5,0.5555555555555556,0.2,0.5,auslander
permutation 6,0.5555555555555556,0.5714285714285714,0.35714285714285715,auslander
permutation 6,0.5555555555555556,0.625,0.5,auslander
permutation 6,0.7777777777777778,0.5,0.4375,auslander
permutation 6,0.8888888888888888,0.5625,0.5,auslander
permutation 6,0.7777777777777778,0.2857142857142857,0.5,auslander
permutation 6,0.3333333333333333,0.13888888888888887,0.25,auslander
permutation 6,0.5555555555555556,0.5833333333333333,0.4166666666666667,auslander
permutation 6,0.5555555555555556,0.3055555555555556,0.4166666666666667,auslander
permutation 6,0.5555555555555556,0.39999999999999997,0.5,auslander
permutation 6,0.5555555555555556,0.5555555555555556,0.4166666666666667,auslander
permutation 6,0.5555555555555556,0.425,0.5,auslander
permutation 6,0.7777777777777778,0.25,0.4375,auslander
permutation 6,0.7777777777777778,0.5357142857142857,0.5,auslander
permutation 6,0.5555555555555556,0.36111111111111116,0.4166666666666667,auslander
permutation 6,0.6666666666666666,0.7222222222222222,0.5,auslander
permutation 6,0.7777777777777778,0.35714285714285715,0.5,auslander
permutation 6,0.6666666666666666,0.2857142857142857,0.42857142857142855,auslander
permutation 6,0.5555555555555556,0.3333333333333333,0.4166666666666667,auslander
permutation 6,0.5555555555555556,0.6666666666666667,0.4166666666666667,auslander
permutation 6,0.5555555555555556,0.6,0.5,auslander
permutation 6,0.8888888888888888,0.0625,0.5,auslander
permutation 6,0.6666666666666666,0.38888888888888884,0.5,auslander
permutation 6,0.7777777777777778,0.28571428571428575,0.5,auslander
permutation 6,0.8888888888888888,0.5625,0.5,auslander
permutation 6,0.6666666666666666,0.5,0.5,auslander
permutation 7,0.6666666666666666,0.6666666666666667,0.5,auslander
permutation 7,0.6666666666666666,0.5555555555555555,0.5,auslander
permutation 7,0.8888888888888888,0.375,0.5,auslander
permutation 7,0.6666666666666666,0.875,0.7,auslander
permutation 7,0.6666666666666666,0.6666666666666667,0.5,auslander
permutation 7,0.7777777777777778,0.9285714285714286,0.5,auslander
permutation 7,0.6666666666666666,0.5555555555555556,0.5833333333333334,auslander
permutation 7,0.7777777777777778,1.0,0.6666666666666666,auslander
permutation 7,0.6666666666666666,0.2857142857142857,0.42857142857142855,auslander
permutation 7,0.4444444444444444,0.5277777777777778,0.3333333333333333,auslander
permutation 7,0.5555555555555556,0.30000000000000004,0.5,auslander
permutation 7,0.5555555555555556,0.7,0.5,auslander
permutation 7,0.7777777777777778,0.0,0.5,auslander
permutation 7,0.5555555555555556,0.5499999999999999,0.55,auslander
permutation 7,0.6666666666666666,0.16666666666666663,0.5,auslander
permutation 7,0.6666666666666666,0.6944444444444444,0.5,auslander
permutation 7,0.3333333333333333,0.14285714285714285,0.21428571428571427,auslander
permutation 7,0.6666666666666666,0.5,0.42857142857142855,auslander
permutation 7,0.5555555555555556,0.5,0.4166666666666667,auslander
permutation 7,0.6666666666666666,0.3888888888888889,0.5,auslander
permutation 7,0.7777777777777778,0.4285714285714286,0.5,auslander
permutation 7,0.4444444444444444,0.35,0.5,auslander
permutation 7,0.5555555555555556,0.7222222222222222,0.4166666666666667,auslander
permutation 7,0.7777777777777778,0.4285714285714286,0.5,auslander
permutation 7,0.6666666666666666,0.4444444444444444,0.5,auslander
permutation 8,0.5555555555555556,0.5357142857142857,0.5357142857142857,auslander
permutation 8,0.7777777777777778,0.75,0.4375,auslander
permutation 8,0.8888888888888888,0.8571428571428571,0.9285714285714286,auslander
permutation 8,0.4444444444444444,0.07500000000000001,0.5,auslander
permutation 8,0.8888888888888888,0.25,0.5,auslander
permutation 8,0.7777777777777778,0.0,0.4375,auslander
permutation 8,0.6666666666666666,0.5,0.625,auslander
permutation 8,0.6666666666666666,0.19444444444444442,0.5,auslander
permutation 8,0.5555555555555556,0.45000000000000007,0.5,auslander
permutation 8,0.8888888888888888,0.4375,0.5,auslander
permutation 8,0.4444444444444444,0.39999999999999997,0.5,auslander
permutation 8,0.6666666666666666,0.5,0.5,auslander
permutation 8,0.7777777777777778,0.4375,0.4375,auslander
permutation 8,0.6666666666666666,0.611111111111111,0.5,auslander
permutation 8,0.6666666666666666,0.36111111111111116,0.5,auslander
permutation 8,0.6666666666666666,0.0,0.5,auslander
permutation 8,0.8888888888888888,0.875,0.5,auslander
permutation 8,0.6666666666666666,0.38888888888888884,0.5,auslander
permutation 8,0.4444444444444444,0.30000000000000004,0.5,auslander
permutation 8,0.5555555555555556,0.3125,0.3125,auslander
permutation 8,0.5555555555555556,0.2857142857142857,0.35714285714285715,auslander
permutation 8,0.7777777777777778,0.4285714285714286,0.5,auslander
permutation 8,0.6666666666666666,0.6111111111111112,0.5,auslander
permutation 8,0.6666666666666666,0.3571428571428572,0.42857142857142855,auslander
permutation 8,0.6666666666666666,0.6944444444444444,0.5,auslander
permutation 9,0.6666666666666666,0.5833333333333334,0.5833333333333334,auslander
permutation 9,0.5555555555555556,0.7,0.5,auslander
permutation 9,0.7777777777777778,0.5,0.5,auslander
permutation 9,0.8888888888888888,0.375,0.5,auslander
permutation 9,0.5555555555555556,0.2142857142857143,0.35714285714285715,auslander
permutation 9,0.6666666666666666,0.6875,0.375,auslander
permutation 9,0.7777777777777778,0.6785714285714286,0.5,auslander
permutation 9,0.7777777777777778,0.5,0.5,auslander
permutation 9,0.7777777777777778,0.625,0.4375,auslander
permutation 9,0.7777777777777778,0.25,0.4375,auslander
permutation 9,0.5555555555555556,0.125,0.3125,auslander
permutation 9,0.5555555555555556,0.5714285714285714,0.5357142857142857,auslander
permutation 9,0.5555555555555556,0.55,0.525,auslander
permutation 9,0.5555555555555556,0.3055555555555556,0.4166666666666667,auslander
permutation 9,0.5555555555555556,0.07142857142857145,0.35714285714285715,auslander
permutation 9,0.7777777777777778,0.6666666666666666,0.6666666666666666,auslander
permutation 9,0.6666666666666666,0.38888888888888884,0.5833333333333334,auslander
permutation 9,0.6666666666666666,0.6388888888888888,0.5,auslander
permutation 9,0.4444444444444444,0.55,0.5,auslander
permutation 9,0.5555555555555556,0.5499999999999999,0.5,auslander
permutation 9,0.5555555555555556,0.3928571428571429,0.35714285714285715,auslander
permutation 9,0.4444444444444444,0.2,0.5,auslander
permutation 9,0.5555555555555556,0.625,0.5,auslander
permutation 9,0.4444444444444444,0.35,0.5,auslander
permutation 9,0.7777777777777778,0.5714285714285714,0.5,auslander
permutation 10,0.5555555555555556,0.7,0.5,auslander
permutation 10,0.6666666666666666,0.3333333333333333,0.5,auslander
permutation 10,0.7777777777777778,0.6785714285714286,0.5,auslander
permutation 10,0.7777777777777778,0.8928571428571428,0.5,auslander
permutation 10,0.5555555555555556,0.3888888888888889,0.4166666666666667,auslander
permutation 10,0.7777777777777778,0.5,0.5,auslander
permutation 10,0.5555555555555556,0.6,0.5,auslander
permutation 10,0.6666666666666666,0.375,0.375,auslander
permutation 10,0.7777777777777778,0.3125,0.4375,auslander
permutation 10,0.6666666666666666,0.5,0.42857142857142855,auslander
permutation 10,0.8888888888888888,0.5,0.5,auslander
permutation 10,0.5555555555555556,0.525,0.5,auslander
permutation 10,0.6666666666666666,0.3571428571428571,0.42857142857142855,auslander
permutation 10,0.5555555555555556,0.5357142857142858,0.35714285714285715,auslander
permutation 10,0.6666666666666666,0.3571428571428572,0.42857142857142855,auslander
permutation 10,0.8888888888888888,0.6875,0.5,auslander
permutation 10,0.4444444444444444,0.725,0.5,auslander
permutation 10,0.7777777777777778,0.7142857142857143,0.5,auslander
permutation 10,0.8888888888888888,0.0,0.5,auslander
permutation 10,0.6666666666666666,0.7222222222222223,0.5833333333333334,auslander
permutation 10,0.8888888888888888,1.0,0.5,auslander
permutation 10,0.7777777777777778,0.6428571428571428,0.6785714285714286,auslander
permutation 10,0.7777777777777778,0.5714285714285714,0.5,auslander
permutation 10,0.6666666666666666,0.19444444444444442,0.5,auslander
permutation 10,0.6666666666666666,0.07142857142857145,0.42857142857142855,auslander
permutation 11,0.7777777777777778,0.625,0.4375,auslander
permutation 11,0.7777777777777778,0.6428571428571429,0.5,auslander
permutation 11,0.2222222222222222,0.8571428571428572,0.5,auslander
permutation 11,0.7777777777777778,0.6944444444444444,0.75,auslander
permutation 11,0.8888888888888888,0.3125,0.5,auslander
permutation 11,0.6666666666666666,0.5555555555555556,0.5,auslander
permutation 11,0.5555555555555556,0.775,0.5,auslander
permutation 11,0.8888888888888888,1.0,0.5,auslander
permutation 11,0.8888888888888888,0.5,0.5,auslander
permutation 11,0.5555555555555556,0.30000000000000004,0.5,auslander
permutation 11,0.5555555555555556,0.8,0.5,auslander
permutation 11,0.7777777777777778,0.5357142857142857,0.5,auslander
permutation 11,0.6666666666666666,0.611111111111111,0.5,auslander
permutation 11,0.6666666666666666,0.6666666666666667,0.6666666666666666,auslander
permutation 11,0.5555555555555556,0.7222222222222222,0.4166666666666667,auslander
permutation 11,0.5555555555555556,0.4,0.5,auslander
permutation 11,0.4444444444444444,0.45000000000000007,0.45,auslander
permutation 11,0.5555555555555556,0.65,0.5,auslander
permutation 11,0.7777777777777778,0.75,0.75,auslander
permutation 11,0.4444444444444444,0.6,0.5,auslander
permutation 11,0.6666666666666666,0.39999999999999997,0.625,auslander
permutation 11,0.6666666666666666,0.4444444444444444,0.5,auslander
permutation 11,0.5555555555555556,0.6250000000000001,0.5,auslander
permutation 11,0.8888888888888888,0.5,0.75,auslander
permutation 11,0.5555555555555556,0.6,0.5,auslander
permutation 12,0.5555555555555556,0.5,0.5,auslander
permutation 12,0.6666666666666666,0.6666666666666667,0.5833333333333334,auslander
permutation 12,0.8888888888888888,0.5625,0.5,auslander
permutation 12,0.5555555555555556,0.28571428571428575,0.35714285714285715,auslander
permutation 12,0.6666666666666666,0.24999999999999994,0.5,auslander
permutation 12,0.7777777777777778,0.5357142857142857,0.5,auslander
permutation 12,0.4444444444444444,0.6,0.5,auslander
permutation 12,0.7777777777777778,0.6875,0.4375,auslander
permutation 12,0.5555555555555556,0.5357142857142857,0.5357142857142857,auslander
permutation 12,0.7777777777777778,0.875,0.4375,auslander
permutation 12,0.5555555555555556,0.29999999999999993,0.5,auslander
permutation 12,0.5555555555555556,0.575,0.5,auslander
permutation 12,0.7777777777777778,0.14285714285714285,0.5,auslander
permutation 12,0.7777777777777778,0.6071428571428571,0.6785714285714286,auslander
permutation 12,0.7777777777777778,1.0,0.6666666666666666,auslander
permutation 12,0.8888888888888888,0.875,0.5,auslander
permutation 12,0.5555555555555556,0.2857142857142857,0.35714285714285715,auslander
permutation 12,0.6666666666666666,0.4444444444444445,0.5,auslander
permutation 12,0.6666666666666666,0.8333333333333334,0.5,auslander
permutation 12,0.6666666666666666,0.4722222222222222,0.5,auslander
permutation 12,0.6666666666666666,0.5714285714285714,0.42857142857142855,auslander
permutation 12,0.7777777777777778,0.8928571428571428,0.5,auslander
permutation 12,0.6666666666666666,0.41666666666666663,0.5,auslander
permutation 12,0.7777777777777778,0.5625,0.4375,auslander
permutation 12,0.6666666666666666,0.25,0.375,auslander
permutation 13,0.6666666666666666,0.035714285714285726,0.42857142857142855,auslander
permutation 13,0.7777777777777778,0.875,0.875,auslander
permutation 13,0.6666666666666666,0.7777777777777778,0.5,auslander
permutation 13,0.3333333333333333,0.39285714285714285,0.39285714285714285,auslander
permutation 13,0.8888888888888888,0.5,0.5,auslander
permutation 13,0.5555555555555556,0.2857142857142857,0.35714285714285715,auslander
permutation 13,0.6666666666666666,0.2857142857142857,0.42857142857142855,auslander
permutation 13,0.8888888888888888,0.75,0.5,auslander
permutation 13,0.6666666666666666,0.0,0.5,auslander
permutation 13,0.6666666666666666,0.3888888888888889,0.5,auslander
permutation 13,0.6666666666666666,0.8611111111111112,0.5,auslander
permutation 13,0.5555555555555556,0.0,0.35714285714285715,auslander
permutation 13,0.6666666666666666,0.7222222222222222,0.5,auslander
permutation 13,0.7777777777777778,0.6428571428571428,0.5,auslander
permutation 13,0.8888888888888888,0.0625,0.5,auslander
permutation 13,0.7777777777777778,0.6071428571428571,0.5,auslander
permutation 13,0.5555555555555556,0.39999999999999997,0.5,auslander
permutation 13,0.7777777777777778,0.8571428571428572,0.5,auslander
permutation 13,0.6666666666666666,0.5,0.5,auslander
permutation 13,0.7777777777777778,0.2857142857142857,0.5,auslander
permutation 13,0.4444444444444444,0.4722222222222222,0.5833333333333334,auslander
permutation 13,0.5555555555555556,0.5,0.4166666666666667,auslander
permutation 13,0.6666666666666666,0.3055555555555556,0.5,auslander
permutation 13,0.5555555555555556,0.575,0.575,auslander
permutation 13,0.6666666666666666,0.6944444444444444,0.5,auslander
permutation 14,0.4444444444444444,0.0,0.25,auslander
permutation 14,0.7777777777777778,0.7142857142857143,0.5,auslander
permutation 14,0.7777777777777778,0.5,0.5,auslander
permutation 14,0.8888888888888888,0.125,0.5,auslander
permutation 14,0.4444444444444444,0.125,0.25,auslander
permutation 14,0.5555555555555556,0.36111111111111116,0.4166666666666667,auslander
permutation 14,0.5555555555555556,0.425,0.5,auslander
permutation 14,0.7777777777777778,0.2857142857142857,0.5,auslander
permutation 14,0.5555555555555556,0.16666666666666663,0.4166666666666667,auslander
permutation 14,0.6666666666666666,0.3888888888888889,0.5,auslander
permutation 14,0.3333333333333333,0.14285714285714285,0.21428571428571427,auslander
permutation 14,0.7777777777777778,0.8571428571428571,0.8571428571428572,auslander
permutation 14,0.8888888888888888,0.75,0.5,auslander
permutation 14,0.5555555555555556,0.3888888888888889,0.4166666666666667,auslander
permutation 14,0.7777777777777778,0.125,0.4375,auslander
permutation 14,0.5555555555555556,0.45,0.5,auslander
permutation 14,0.3333333333333333,0.16666666666666666,0.25,auslander
permutation 14,0.7777777777777778,0.5,0.6785714285714286,auslander
permutation 14,0.6666666666666666,0.5,0.5,auslander
permutation 14,0.3333333333333333,0.16666666666666666,0.25,auslander
permutation 14,0.8888888888888888,0.75,0.5,auslander
permutation 14,0.7777777777777778,0.2857142857142857,0.5,auslander
permutation 14,0.6666666666666666,0.5277777777777778,0.5833333333333334,auslander
permutation 14,0.5555555555555556,0.5555555555555556,0.4166666666666667,auslander
permutation 14,0.5555555555555556,0.45,0.5,auslander
permutation 15,0.5555555555555556,0.36111111111111116,0.4166666666666667,auslander
permutation 15,0.5555555555555556,0.4285714285714286,0.35714285714285715,auslander
permutation 15,0.7777777777777778,0.6666666666666666,0.6666666666666666,auslander
permutation 15,0.6666666666666666,0.625,0.375,auslander
permutation 15,0.5555555555555556,0.6071428571428572,0.35714285714285715,auslander
permutation 15,0.7777777777777778,0.8571428571428572,0.5,auslander
permutation 15,0.8888888888888888,0.75,0.8333333333333333,auslander
permutation 15,0.3333333333333333,0.0,0.25,auslander
permutation 15,0.8888888888888888,0.125,0.5,auslander
permutation 15,0.7777777777777778,0.4285714285714286,0.5,auslander
permutation 15,0.7777777777777778,0.7857142857142857,0.5,auslander
permutation 15,0.5555555555555556,0.7000000000000001,0.5,auslander
permutation 15,0.4444444444444444,0.775,0.5,auslander
permutation 15,0.4444444444444444,0.625,0.4,auslander
permutation 15,0.7777777777777778,0.28571428571428575,0.5,auslander
permutation 15,0.3333333333333333,0.2,0.3,auslander
permutation 15,0.8888888888888888,0.4375,0.5,auslander
permutation 15,0.6666666666666666,0.5,0.5,auslander
permutation 15,0.8888888888888888,1.0,0.9375,auslander
permutation 15,0.6666666666666666,0.16666666666666669,0.5,auslander
permutation 15,0.6666666666666666,1.0,0.8125,auslander
permutation 15,0.7777777777777778,0.5555555555555556,0.6666666666666666,auslander
permutation 15,0.7777777777777778,0.5714285714285714,0.5,auslander
permutation 15,0.5555555555555556,0.5,0.5357142857142857,auslander
permutation 15,0.5555555555555556,0.21428571428571427,0.35714285714285715,auslander
permutation 16,0.5555555555555556,0.13888888888888884,0.4166666666666667,auslander
permutation 16,0.5555555555555556,0.375,0.5,auslander
permutation 16,0.6666666666666666,0.4444444444444444,0.5,auslander
permutation 16,0.6666666666666666,0.8611111111111112,0.5833333333333334,auslander
permutation 16,0.8888888888888888,0.5625,0.5,auslander
permutation 16,0.4444444444444444,0.4375,0.25,auslander
permutation 16,0.6666666666666666,0.6666666666666667,0.5833333333333334,auslander
permutation 16,0.8888888888888888,0.9285714285714286,0.75,auslander
permutation 16,0.7777777777777778,0.4444444444444444,0.6666666666666666,auslander
permutation 16,0.7777777777777778,0.9642857142857143,0.5,auslander
permutation 16,0.7777777777777778,0.6428571428571429,0.5,auslander
permutation 16,0.7777777777777778,0.5,0.4375,auslander
permutation 16,0.7777777777777778,0.75,0.875,auslander
permutation 16,0.4444444444444444,0.14285714285714285,0.2857142857142857,auslander
permutation 16,0.5555555555555556,0.28571428571428575,0.35714285714285715,auslander
permutation 16,0.8888888888888888,0.5,0.5,auslander
permutation 16,0.7777777777777778,0.2857142857142857,0.5,auslander
permutation 16,0.6666666666666666,0.7857142857142857,0.6071428571428572,auslander
permutation 16,0.7777777777777778,0.4642857142857143,0.5,auslander
permutation 16,0.6666666666666666,0.5555555555555556,0.5,auslander
permutation 16,0.5555555555555556,0.22499999999999998,0.5,auslander
permutation 16,0.5555555555555556,0.65,0.55,auslander
permutation 16,0.5555555555555556,0.0,0.5,auslander
permutation 16,0.4444444444444444,0.65,0.5,auslander
permutation 16,0.5555555555555556,0.46428571428571425,0.35714285714285715,auslander
permutation 17,0.5555555555555556,0.5,0.35714285714285715,auslander
permutation 17,0.5555555555555556,0.4444444444444444,0.4166666666666667,auslander
permutation 17,0.4444444444444444,0.625,0.5,auslander
permutation 17,0.4444444444444444,0.75,0.5,auslander
permutation 17,0.6666666666666666,0.6388888888888888,0.5833333333333334,auslander
permutation 17,0.3333333333333333,0.425,0.3,auslander
permutation 17,0.7777777777777778,0.7777777777777778,0.6666666666666666,auslander
permutation 17,0.7777777777777778,0.6071428571428571,0.5,auslander
permutation 17,0.6666666666666666,0.0,0.42857142857142855,auslander
permutation 17,0.5555555555555556,0.5,0.4166666666666667,auslander
permutation 17,0.4444444444444444,0.38888888888888895,0.3333333333333333,auslander
permutation 17,0.6666666666666666,0.4285714285714286,0.42857142857142855,auslander
permutation 17,0.6666666666666666,0.7777777777777778,0.5,auslander
permutation 17,0.8888888888888888,0.375,0.5,auslander
permutation 17,0.5555555555555556,0.14285714285714285,0.35714285714285715,auslander
permutation 17,0.5555555555555556,0.4444444444444444,0.5,auslander
permutation 17,0.6666666666666666,0.6785714285714285,0.42857142857142855,auslander
permutation 17,0.7777777777777778,0.7142857142857143,0.6785714285714286,auslander
permutation 17,0.6666666666666666,0.32142857142857145,0.42857142857142855,auslander
permutation 17,0.7777777777777778,1.0,0.5,auslander
permutation 17,0.6666666666666666,0.6666666666666667,0.5,auslander
permutation 17,0.6666666666666666,0.5833333333333334,0.5,auslander
permutation 17,0.6666666666666666,0.4642857142857143,0.42857142857142855,auslander
permutation 17,0.5555555555555556,0.675,0.5,auslander
permutation 17,0.8888888888888888,0.9375,0.9375,auslander
permutation 18,0.7777777777777778,0.888888888888889,0.6666666666666666,auslander
permutation 18,0.6666666666666666,0.5,0.42857142857142855,auslander
permutation 18,0.7777777777777778,0.75,0.875,auslander
permutation 18,0.6666666666666666,0.8333333333333334,0.5,auslander
permutation 18,0.8888888888888888,0.6071428571428572,0.75,auslander
permutation 18,0.8888888888888888,0.9375,0.5,auslander
permutation 18,0.5555555555555556,0.4285714285714286,0.35714285714285715,auslander
permutation 18,0.7777777777777778,0.5,0.4375,auslander
permutation 18,0.5555555555555556,0.35,0.5,auslander
permutation 18,0.7777777777777778,0.75,0.5,auslander
permutation 18,0.7777777777777778,0.5714285714285714,0.6785714285714286,auslander
permutation 18,0.8888888888888888,0.625,0.5,auslander
permutation 18,0.6666666666666666,0.75,0.5,auslander
permutation 18,0.6666666666666666,0.4285714285714286,0.42857142857142855,auslander
permutation 18,0.6666666666666666,0.33333333333333337,0.5,auslander
permutation 18,0.4444444444444444,0.42500000000000004,0.5,auslander
permutation 18,0.6666666666666666,0.25,0.375,auslander
permutation 18,0.8888888888888888,0.9375,0.9375,auslander
permutation 18,0.4444444444444444,0.2857142857142857,0.2857142857142857,auslander
permutation 18,0.7777777777777778,0.875,0.4375,auslander
permutation 18,0.6666666666666666,0.5833333333333333,0.5,auslander
permutation 18,0.6666666666666666,0.575,0.65,auslander
permutation 18,0.7777777777777778,0.9285714285714285,0.5,auslander
permutation 18,0.7777777777777778,0.5625,0.4375,auslander
permutation 18,0.3333333333333333,0.2777777777777778,0.25,auslander
permutation 19,0.5555555555555556,0.4,0.5,auslander
permutation 19,0.5555555555555556,0.525,0.525,auslander
permutation 19,0.5555555555555556,0.475,0.5,auslander
permutation 19,0.6666666666666666,0.0,0.42857142857142855,auslander
permutation 19,0.3333333333333333,0.41666666666666663,0.41666666666666663,auslander
permutation 19,0.6666666666666666,0.4285714285714286,0.42857142857142855,auslander
permutation 19,0.7777777777777778,0.5625,0.4375,auslander
permutation 19,0.6666666666666666,0.0,0.5,auslander
permutation 19,0.7777777777777778,0.3928571428571429,0.5,auslander
permutation 19,0.4444444444444444,0.17857142857142858,0.2857142857142857,auslander
permutation 19,0.4444444444444444,0.04999999999999999,0.4,auslander
permutation 19,0.5555555555555556,0.38888888888888884,0.4166666666666667,auslander
permutation 19,0.7777777777777778,0.6428571428571428,0.5,auslander
permutation 19,0.8888888888888888,0.25,0.5,auslander
permutation 19,0.6666666666666666,0.8125,0.8125,auslander
permutation 19,0.8888888888888888,0.3125,0.5,auslander
permutation 19,0.5555555555555556,0.5,0.5,auslander
permutation 19,0.5555555555555556,0.5499999999999999,0.5,auslander
permutation 19,0.4444444444444444,0.625,0.4,auslander
permutation 19,0.5555555555555556,0.5,0.5,auslander
permutation 19,0.6666666666666666,0.8333333333333333,0.5,auslander
permutation 19,0.7777777777777778,0.035714285714285726,0.5,auslander
permutation 19,0.6666666666666666,0.3611111111111111,0.5,auslander
permutation 19,0.6666666666666666,0.625,0.375,auslander
permutation 19,0.5555555555555556,0.25,0.5,auslander
permutation 20,0.8888888888888888,0.25,0.5,auslander
permutation 20,0.7777777777777778,0.25,0.4375,auslander
permutation 20,0.7777777777777778,0.6875,0.4375,auslander
permutation 20,0.6666666666666666,0.725,0.625,auslander
permutation 20,0.6666666666666666,0.55,0.625,auslander
permutation 20,0.6666666666666666,0.25,0.375,auslander
permutation 20,0.6666666666666666,0.5714285714285714,0.42857142857142855,auslander
permutation 20,0.5555555555555556,0.5,0.5,auslander
permutation 20,0.7777777777777778,0.6071428571428572,0.5,auslander
permutation 20,0.6666666666666666,0.611111111111111,0.5833333333333334,auslander
permutation 20,0.6666666666666666,1.0,0.5,auslander
permutation 20,0.7777777777777778,0.5,0.5,auslander
permutation 20,0.6666666666666666,0.8333333333333333,0.5,auslander
permutation 20,0.6666666666666666,0.6111111111111112,0.6666666666666666,auslander
permutation 20,0.4444444444444444,0.375,0.475,auslander
permutation 20,0.7777777777777778,0.2142857142857143,0.5,auslander
permutation 20,0.7777777777777778,1.0,0.5,auslander
permutation 20,0.7777777777777778,0.5714285714285714,0.5,auslander
permutation 20,0.6666666666666666,0.7777777777777779,0.5,auslander
permutation 20,0.6666666666666666,0.6388888888888888,0.5,auslander
permutation 20,0.4444444444444444,0.42500000000000004,0.5,auslander
permutation 20,0.4444444444444444,0.4722222222222222,0.3333333333333333,auslander
permutation 20,0.6666666666666666,0.5714285714285714,0.42857142857142855,auslander
permutation 20,0.6666666666666666,0.525,0.7,auslander
permutation 20,0.6666666666666666,0.5,0.5833333333333334,auslander
permutation 21,0.7777777777777778,0.07142857142857145,0.5,auslander
permutation 21,0.7777777777777778,0.5714285714285714,0.5,auslander
permutation 21,0.3333333333333333,0.11111111111111112,0.25,auslander
permutation 21,0.4444444444444444,0.55,0.5,auslander
permutation 21,0.4444444444444444,0.30000000000000004,0.5,auslander
permutation 21,0.6666666666666666,0.2142857142857143,0.42857142857142855,auslander
permutation 21,0.8888888888888888,0.375,0.5,auslander
permutation 21,0.4444444444444444,0.475,0.4,auslander
permutation 21,0.4444444444444444,0.85,0.5,auslander
permutation 21,0.3333333333333333,0.25,0.21428571428571427,auslander
permutation 21,0.6666666666666666,0.33333333333333337,0.5,auslander
permutation 21,0.5555555555555556,0.5,0.5,auslander
permutation 21,0.6666666666666666,0.41666666666666663,0.5,auslander
permutation 21,0.6666666666666666,0.4722222222222222,0.5833333333333334,auslander
permutation 21,0.7777777777777778,0.3928571428571429,0.5,auslander
permutation 21,0.6666666666666666,0.5555555555555556,0.5,auslander
permutation 21,0.8888888888888888,0.75,0.5,auslander
permutation 21,0.3333333333333333,0.07142857142857145,0.21428571428571427,auslander
permutation 21,0.7777777777777778,0.4285714285714286,0.5,auslander
permutation 21,0.6666666666666666,0.5,0.5,auslander
permutation 21,0.5555555555555556,0.11111111111111108,0.4166666666666667,auslander
permutation 21,0.6666666666666666,0.5,0.5,auslander
permutation 21,0.7777777777777778,0.875,0.875,auslander
permutation 21,0.7777777777777778,0.75,0.4375,auslander
permutation 21,0.5555555555555556,0.8,0.5,auslander
permutation 22,0.5555555555555556,0.17499999999999996,0.5,auslander
permutation 22,0.5555555555555556,0.6785714285714286,0.5357142857142857,auslander
permutation 22,0.7777777777777778,0.6071428571428571,0.6785714285714286,auslander
permutation 22,0.7777777777777778,0.10714285714285718,0.5,auslander
permutation 22,0.6666666666666666,0.25,0.375,auslander
permutation 22,0.4444444444444444,0.5499999999999999,0.4,auslander
permutation 22,0.6666666666666666,0.625,0.375,auslander
permutation 22,0.6666666666666666,0.8125,0.8125,auslander
permutation 22,0.6666666666666666,0.25,0.375,auslander
permutation 22,0.5555555555555556,0.10714285714285718,0.35714285714285715,auslander
permutation 22,0.6666666666666666,0.5357142857142857,0.42857142857142855,auslander
permutation 22,0.8888888888888888,0.3125,0.5,auslander
permutation 22,0.7777777777777778,0.3928571428571429,0.5,auslander
permutation 22,0.6666666666666666,0.6388888888888888,0.5,auslander
permutation 22,0.6666666666666666,0.7,0.7,auslander
permutation 22,0.5555555555555556,0.2777777777777778,0.4166666666666667,auslander
permutation 22,0.6666666666666666,0.9444444444444444,0.5,auslander
permutation 22,0.7777777777777778,0.6071428571428571,0.5,auslander
permutation 22,0.5555555555555556,0.25,0.35714285714285715,auslander
permutation 22,0.6666666666666666,0.2142857142857143,0.42857142857142855,auslander
permutation 22,0.6666666666666666,0.6666666666666667,0.5,auslander
permutation 22,0.5555555555555556,0.65,0.5,auslander
permutation 22,0.3333333333333333,0.35,0.35,auslander
permutation 22,0.7777777777777778,0.6428571428571428,0.5,auslander
permutation 22,0.8888888888888888,0.125,0.5,auslander
permutation 23,0.6666666666666666,0.625,0.625,auslander
permutation 23,0.8888888888888888,0.625,0.5,auslander
permutation 23,0.3333333333333333,0.3055555555555555,0.25,auslander
permutation 23,0.6666666666666666,0.7857142857142857,0.42857142857142855,auslander
permutation 23,0.7777777777777778,0.8333333333333334,0.6666666666666666,auslander
permutation 23,0.6666666666666666,0.5,0.5,auslander
permutation 23,0.7777777777777778,0.8928571428571428,0.5,auslander
permutation 23,0.6666666666666666,0.6071428571428571,0.42857142857142855,auslander
permutation 23,0.7777777777777778,0.5555555555555556,0.6666666666666666,auslander
permutation 23,0.6666666666666666,0.6944444444444444,0.5,auslander
permutation 23,0.6666666666666666,0.8571428571428572,0.42857142857142855,auslander
permutation 23,0.6666666666666666,0.5555555555555556,0.5,auslander
permutation 23,0.5555555555555556,0.2857142857142857,0.35714285714285715,auslander
permutation 23,0.5555555555555556,0.65,0.5,auslander
permutation 23,0.6666666666666666,0.6666666666666667,0.5,auslander
permutation 23,0.6666666666666666,0.3055555555555556,0.5,auslander
permutation 23,0.5555555555555556,0.55,0.5,auslander
permutation 23,0.6666666666666666,0.3571428571428572,0.42857142857142855,auslander
permutation 23,0.5555555555555556,0.6,0.5,auslander
permutation 23,0.6666666666666666,0.38888888888888884,0.5,auslander
permutation 23,0.7777777777777778,0.2857142857142857,0.5,auslander
permutation 23,0.3333333333333333,0.7777777777777779,0.5,auslander
permutation 23,0.5555555555555556,0.3,0.5,auslander
permutation 23,0.4444444444444444,0.55,0.425,auslander
permutation 23,0.5555555555555556,0.625,0.5,auslander
permutation 24,0.6666666666666666,0.6666666666666667,0.5,auslander
permutation 24,0.7777777777777778,0.4444444444444444,0.6666666666666666,auslander
permutation 24,0.7777777777777778,0.8928571428571429,0.6785714285714286,auslander
permutation 24,0.6666666666666666,0.9444444444444444,0.5,auslander
permutation 24,0.5555555555555556,0.44999999999999996,0.5,auslander
permutation 24,0.5555555555555556,0.24999999999999997,0.4166666666666667,auslander
permutation 24,0.5555555555555556,0.7,0.5,auslander
permutation 24,0.3333333333333333,0.6388888888888888,0.5,auslander
permutation 24,0.7777777777777778,0.0,0.4375,auslander
permutation 24,0.7777777777777778,0.8571428571428572,0.6785714285714286,auslander
permutation 24,0.7777777777777778,0.5714285714285714,0.5,auslander
permutation 24,0.7777777777777778,0.7222222222222222,0.6666666666666666,auslander
permutation 24,0.5555555555555556,0.41666666666666663,0.4166666666666667,auslander
permutation 24,0.7777777777777778,0.25,0.4375,auslander
permutation 24,0.8888888888888888,0.7142857142857143,0.75,auslander
permutation 24,0.6666666666666666,0.5833333333333333,0.5,auslander
permutation 24,0.7777777777777778,0.4285714285714286,0.5,auslander
permutation 24,0.7777777777777778,0.5,0.5,auslander
permutation 24,0.5555555555555556,0.75,0.5,auslander
permutation 24,0.7777777777777778,0.4642857142857143,0.5,auslander
permutation 24,0.8888888888888888,0.5714285714285714,0.75,auslander
permutation 24,0.6666666666666666,0.4444444444444444,0.5,auslander
permutation 24,0.5555555555555556,0.5,0.6,auslander
permutation 24,0.7777777777777778,0.9444444444444444,0.6666666666666666,auslander
permutation 24,0.6666666666666666,0.9444444444444444,0.5,auslander
original,0.7777777777777778,0.75,0.4375,EXPRESSION
original,0.6666666666666666,0.75,0.5,EXPRESSION
original,0.5555555555555556,0.9500000000000001,0.5,EXPRESSION
original,0.5555555555555556,0.5357142857142857,0.35714285714285715,EXPRESSION
original,0.7777777777777778,1.0,0.75,EXPRESSION
original,0.7777777777777778,0.4642857142857143,0.5,EXPRESSION
original,0.8888888888888888,0.8571428571428571,0.75,EXPRESSION
original,0.7777777777777778,0.875,0.4375,EXPRESSION
original,0.4444444444444444,0.45000000000000007,0.425,EXPRESSION
original,0.7777777777777778,0.6111111111111112,0.6666666666666666,EXPRESSION
original,0.3333333333333333,0.42500000000000004,0.375,EXPRESSION
original,0.8888888888888888,0.8571428571428572,0.75,EXPRESSION
original,0.6666666666666666,0.9500000000000001,0.625,EXPRESSION
original,0.7777777777777778,0.6428571428571428,0.6785714285714286,EXPRESSION
original,0.7777777777777778,0.9642857142857143,0.5,EXPRESSION
original,0.7777777777777778,1.0,0.5,EXPRESSION
original,0.8888888888888888,1.0,0.5,EXPRESSION
original,0.6666666666666666,0.8571428571428572,0.42857142857142855,EXPRESSION
original,0.8888888888888888,1.0,0.5,EXPRESSION
original,0.7777777777777778,0.9444444444444444,0.6666666666666666,EXPRESSION
original,0.5555555555555556,0.6250000000000001,0.525,EXPRESSION
original,0.8888888888888888,1.0,0.8333333333333333,EXPRESSION
original,0.8888888888888888,1.0,0.75,EXPRESSION
original,0.7777777777777778,0.7777777777777778,0.8333333333333333,EXPRESSION
original,0.8888888888888888,1.0,0.75,EXPRESSION
permutation 0,0.6666666666666666,0.55,0.625,EXPRESSION
permutation 0,0.5555555555555556,0.65,0.525,EXPRESSION
permutation 0,0.5555555555555556,0.24999999999999997,0.5,EXPRESSION
permutation 0,0.7777777777777778,0.4285714285714286,0.5,EXPRESSION
permutation 0,0.6666666666666666,0.19444444444444442,0.5,EXPRESSION
permutation 0,0.4444444444444444,0.2777777777777778,0.3333333333333333,EXPRESSION
permutation 0,0.7777777777777778,0.5,0.4375,EXPRESSION
permutation 0,0.5555555555555556,0.75,0.75,EXPRESSION
permutation 0,0.5555555555555556,0.4642857142857143,0.5357142857142857,EXPRESSION
permutation 0,0.6666666666666666,0.2777777777777778,0.5,EXPRESSION
permutation 0,0.5555555555555556,0.33333333333333326,0.5,EXPRESSION
permutation 0,0.7777777777777778,0.875,0.875,EXPRESSION
permutation 0,0.4444444444444444,0.42500000000000004,0.45,EXPRESSION
permutation 0,0.7777777777777778,0.07142857142857142,0.5,EXPRESSION
permutation 0,0.6666666666666666,0.22222222222222218,0.5,EXPRESSION
permutation 0,0.4444444444444444,0.41666666666666663,0.41666666666666663,EXPRESSION
permutation 0,0.5555555555555556,0.3611111111111111,0.5,EXPRESSION
permutation 0,0.4444444444444444,0.6000000000000001,0.4,EXPRESSION
permutation 0,0.7777777777777778,0.8571428571428572,0.5,EXPRESSION
permutation 0,0.6666666666666666,0.3611111111111111,0.5,EXPRESSION
permutation 0,0.5555555555555556,0.24999999999999997,0.5,EXPRESSION
permutation 0,0.7777777777777778,0.5,0.5,EXPRESSION
permutation 0,0.8888888888888888,0.875,0.5,EXPRESSION
permutation 0,0.6666666666666666,0.38888888888888884,0.5,EXPRESSION
permutation 0,0.8888888888888888,0.875,0.9375,EXPRESSION
permutation 1,0.7777777777777778,0.32142857142857145,0.5,EXPRESSION
permutation 1,0.4444444444444444,0.1,0.4,EXPRESSION
permutation 1,0.5555555555555556,0.525,0.525,EXPRESSION
permutation 1,0.5555555555555556,0.675,0.5,EXPRESSION
permutation 1,0.6666666666666666,0.3571428571428572,0.42857142857142855,EXPRESSION
permutation 1,0.6666666666666666,0.125,0.375,EXPRESSION
permutation 1,0.7777777777777778,0.3214285714285714,0.5,EXPRESSION
permutation 1,0.8888888888888888,0.0625,0.5,EXPRESSION
permutation 1,0.5555555555555556,0.6428571428571428,0.5357142857142857,EXPRESSION
permutation 1,0.6666666666666666,0.6111111111111112,0.5833333333333334,EXPRESSION
permutation 1,0.7777777777777778,0.2857142857142857,0.5,EXPRESSION
permutation 1,0.7777777777777778,0.32142857142857145,0.5,EXPRESSION
permutation 1,0.7777777777777778,0.07142857142857145,0.5,EXPRESSION
permutation 1,0.5555555555555556,0.05555555555555554,0.4166666666666667,EXPRESSION
permutation 1,0.6666666666666666,0.8333333333333334,0.5833333333333334,EXPRESSION
permutation 1,0.7777777777777778,0.0,0.5,EXPRESSION
permutation 1,0.5555555555555556,0.2,0.5,EXPRESSION
permutation 1,0.6666666666666666,0.035714285714285726,0.42857142857142855,EXPRESSION
permutation 1,0.4444444444444444,0.4,0.425,EXPRESSION
permutation 1,0.7777777777777778,0.5,0.5,EXPRESSION
permutation 1,0.5555555555555556,0.5,0.4166666666666667,EXPRESSION
permutation 1,0.8888888888888888,0.7777777777777778,0.8333333333333333,EXPRESSION
permutation 1,0.6666666666666666,0.2142857142857143,0.42857142857142855,EXPRESSION
permutation 1,0.5555555555555556,0.7142857142857143,0.35714285714285715,EXPRESSION
permutation 1,0.6666666666666666,0.625,0.375,EXPRESSION
permutation 2,0.7777777777777778,0.0,0.4375,EXPRESSION
permutation 2,0.5555555555555556,0.575,0.5,EXPRESSION
permutation 2,0.6666666666666666,0.0,0.42857142857142855,EXPRESSION
permutation 2,0.6666666666666666,0.1428571428571429,0.42857142857142855,EXPRESSION
permutation 2,0.7777777777777778,0.4285714285714286,0.5,EXPRESSION
permutation 2,0.7777777777777778,0.875,0.4375,EXPRESSION
permutation 2,0.7777777777777778,0.5,0.6785714285714286,EXPRESSION
permutation 2,0.7777777777777778,1.0,0.875,EXPRESSION
permutation 2,0.6666666666666666,0.41666666666666663,0.5,EXPRESSION
permutation 2,0.3333333333333333,0.375,0.1875,EXPRESSION
permutation 2,0.5555555555555556,0.7750000000000001,0.5,EXPRESSION
permutation 2,0.6666666666666666,0.5714285714285714,0.42857142857142855,EXPRESSION
permutation 2,0.5555555555555556,0.1875,0.3125,EXPRESSION
permutation 2,0.2222222222222222,0.0,0.125,EXPRESSION
permutation 2,0.7777777777777778,0.5,0.5,EXPRESSION
permutation 2,0.7777777777777778,0.625,0.4375,EXPRESSION
permutation 2,0.6666666666666666,0.6111111111111112,0.5833333333333334,EXPRESSION
permutation 2,0.4444444444444444,0.3333333333333333,0.3333333333333333,EXPRESSION
permutation 2,0.6666666666666666,0.5555555555555556,0.5833333333333334,EXPRESSION
permutation 2,0.7777777777777778,0.35714285714285715,0.5,EXPRESSION
permutation 2,0.6666666666666666,0.25,0.5,EXPRESSION
permutation 2,0.3333333333333333,0.325,0.325,EXPRESSION
permutation 2,0.8888888888888888,0.375,0.5,EXPRESSION
permutation 2,0.3333333333333333,0.16666666666666666,0.5,EXPRESSION
permutation 2,0.6666666666666666,0.38888888888888884,0.5,EXPRESSION
permutation 3,0.7777777777777778,0.5357142857142857,0.5,EXPRESSION
permutation 3,0.5555555555555556,0.5833333333333333,0.4166666666666667,EXPRESSION
permutation 3,0.4444444444444444,0.5714285714285714,0.2857142857142857,EXPRESSION
permutation 3,0.5555555555555556,0.375,0.5,EXPRESSION
permutation 3,0.5555555555555556,0.5277777777777778,0.4166666666666667,EXPRESSION
permutation 3,0.6666666666666666,0.3928571428571429,0.42857142857142855,EXPRESSION
permutation 3,0.5555555555555556,0.3,0.5,EXPRESSION
permutation 3,0.6666666666666666,0.6944444444444444,0.5833333333333334,EXPRESSION
permutation 3,0.7777777777777778,0.875,0.4375,EXPRESSION
permutation 3,0.8888888888888888,0.6785714285714286,0.75,EXPRESSION
permutation 3,0.4444444444444444,0.175,0.4,EXPRESSION
permutation 3,0.5555555555555556,0.35714285714285715,0.35714285714285715,EXPRESSION
permutation 3,0.5555555555555556,0.4444444444444444,0.4166666666666667,EXPRESSION
permutation 3,0.7777777777777778,0.5357142857142857,0.5,EXPRESSION
permutation 3,0.6666666666666666,0.8125,0.8125,EXPRESSION
permutation 3,0.7777777777777778,0.2857142857142857,0.5,EXPRESSION
permutation 3,0.7777777777777778,0.6428571428571428,0.5,EXPRESSION
permutation 3,0.6666666666666666,0.25,0.5,EXPRESSION
permutation 3,0.5555555555555556,0.4,0.5,EXPRESSION
permutation 3,0.5555555555555556,0.3888888888888889,0.4166666666666667,EXPRESSION
permutation 3,0.8888888888888888,0.9285714285714286,0.75,EXPRESSION
permutation 3,0.7777777777777778,0.5,0.5,EXPRESSION
permutation 3,0.7777777777777778,0.7857142857142857,0.5,EXPRESSION
permutation 3,0.5555555555555556,0.47500000000000003,0.525,EXPRESSION
permutation 3,0.4444444444444444,0.575,0.5,EXPRESSION
permutation 4,0.7777777777777778,0.8055555555555556,0.6666666666666666,EXPRESSION
permutation 4,0.4444444444444444,0.3888888888888889,0.3333333333333333,EXPRESSION
permutation 4,0.6666666666666666,0.6111111111111112,0.5,EXPRESSION
permutation 4,0.8888888888888888,0.0,0.5,EXPRESSION
permutation 4,0.7777777777777778,0.6785714285714286,0.6785714285714286,EXPRESSION
permutation 4,0.7777777777777778,1.0,0.875,EXPRESSION
permutation 4,0.8888888888888888,0.125,0.5,EXPRESSION
permutation 4,0.7777777777777778,0.5,0.5,EXPRESSION
permutation 4,0.6666666666666666,0.6071428571428571,0.42857142857142855,EXPRESSION
permutation 4,0.6666666666666666,0.3611111111111111,0.5,EXPRESSION
permutation 4,0.5555555555555556,0.3888888888888889,0.4166666666666667,EXPRESSION
permutation 4,0.5555555555555556,0.6785714285714286,0.5357142857142857,EXPRESSION
permutation 4,0.6666666666666666,0.5555555555555556,0.5833333333333334,EXPRESSION
permutation 4,0.6666666666666666,0.5,0.42857142857142855,EXPRESSION
permutation 4,0.8888888888888888,0.25,0.5,EXPRESSION
permutation 4,0.5555555555555556,0.425,0.525,EXPRESSION
permutation 4,0.8888888888888888,1.0,0.5,EXPRESSION
permutation 4,0.5555555555555556,0.3888888888888889,0.4166666666666667,EXPRESSION
permutation 4,0.6666666666666666,0.47222222222222215,0.5,EXPRESSION
permutation 4,0.6666666666666666,0.7222222222222222,0.5,EXPRESSION
permutation 4,0.4444444444444444,0.3611111111111111,0.3333333333333333,EXPRESSION
permutation 4,0.4444444444444444,0.5555555555555556,0.3333333333333333,EXPRESSION
permutation 4,0.5555555555555556,0.7750000000000001,0.5,EXPRESSION
permutation 4,0.7777777777777778,0.7142857142857142,0.5,EXPRESSION
permutation 4,0.4444444444444444,0.2142857142857143,0.2857142857142857,EXPRESSION
permutation 5,0.5555555555555556,0.45,0.55,EXPRESSION
permutation 5,0.6666666666666666,0.6666666666666666,0.5,EXPRESSION
permutation 5,0.6666666666666666,0.2857142857142857,0.42857142857142855,EXPRESSION
permutation 5,0.6666666666666666,0.611111111111111,0.5,EXPRESSION
permutation 5,0.4444444444444444,0.14285714285714285,0.2857142857142857,EXPRESSION
permutation 5,0.7777777777777778,0.17857142857142858,0.5,EXPRESSION
permutation 5,0.5555555555555556,0.45,0.5,EXPRESSION
permutation 5,0.7777777777777778,0.46428571428571425,0.5,EXPRESSION
permutation 5,0.8888888888888888,0.875,0.9375,EXPRESSION
permutation 5,0.7777777777777778,0.6785714285714286,0.5,EXPRESSION
permutation 5,0.7777777777777778,1.0,0.5,EXPRESSION
permutation 5,0.8888888888888888,0.8571428571428572,0.75,EXPRESSION
permutation 5,0.8888888888888888,0.888888888888889,0.8333333333333333,EXPRESSION
permutation 5,0.6666666666666666,0.9166666666666666,0.5,EXPRESSION
permutation 5,0.6666666666666666,0.7857142857142857,0.6071428571428572,EXPRESSION
permutation 5,0.6666666666666666,0.25,0.5,EXPRESSION
permutation 5,0.3333333333333333,0.22499999999999998,0.3,EXPRESSION
permutation 5,0.5555555555555556,0.6000000000000001,0.5,EXPRESSION
permutation 5,0.4444444444444444,0.05,0.5,EXPRESSION
permutation 5,0.8888888888888888,0.25,0.5,EXPRESSION
permutation 5,0.6666666666666666,0.2857142857142857,0.42857142857142855,EXPRESSION
permutation 5,0.7777777777777778,0.35714285714285715,0.5,EXPRESSION
permutation 5,0.5555555555555556,0.3125,0.3125,EXPRESSION
permutation 5,0.6666666666666666,0.6666666666666667,0.6666666666666666,EXPRESSION
permutation 5,0.7777777777777778,0.4642857142857143,0.5,EXPRESSION
permutation 6,0.5555555555555556,0.3571428571428572,0.35714285714285715,EXPRESSION
permutation 6,0.6666666666666666,0.5833333333333333,0.5,EXPRESSION
permutation 6,0.6666666666666666,0.16666666666666663,0.5,EXPRESSION
permutation 6,0.5555555555555556,0.6500000000000001,0.5,EXPRESSION
permutation 6,0.6666666666666666,0.8333333333333333,0.5,EXPRESSION
permutation 6,0.3333333333333333,0.0,0.375,EXPRESSION
permutation 6,0.8888888888888888,0.1875,0.5,EXPRESSION
permutation 6,0.7777777777777778,0.875,0.4375,EXPRESSION
permutation 6,0.7777777777777778,0.125,0.4375,EXPRESSION
permutation 6,0.6666666666666666,0.33333333333333337,0.5,EXPRESSION
permutation 6,0.8888888888888888,0.625,0.5,EXPRESSION
permutation 6,0.4444444444444444,0.4642857142857143,0.4642857142857143,EXPRESSION
permutation 6,0.5555555555555556,0.4444444444444444,0.4166666666666667,EXPRESSION
permutation 6,0.6666666666666666,0.0625,0.375,EXPRESSION
permutation 6,0.4444444444444444,0.375,0.5,EXPRESSION
permutation 6,0.6666666666666666,0.6785714285714285,0.42857142857142855,EXPRESSION
permutation 6,0.4444444444444444,0.5277777777777778,0.5,EXPRESSION
permutation 6,0.8888888888888888,0.6875,0.5,EXPRESSION
permutation 6,0.5555555555555556,0.35714285714285715,0.35714285714285715,EXPRESSION
permutation 6,0.8888888888888888,0.875,0.5,EXPRESSION
permutation 6,0.4444444444444444,0.55,0.5,EXPRESSION
permutation 6,0.5555555555555556,0.375,0.6,EXPRESSION
permutation 6,0.5555555555555556,0.45,0.5,EXPRESSION
permutation 6,0.8888888888888888,0.25,0.5,EXPRESSION
permutation 6,0.6666666666666666,0.38888888888888884,0.5,EXPRESSION
permutation 7,0.4444444444444444,0.05555555555555554,0.3333333333333333,EXPRESSION
permutation 7,0.4444444444444444,0.39999999999999997,0.425,EXPRESSION
permutation 7,0.5555555555555556,0.21428571428571427,0.35714285714285715,EXPRESSION
permutation 7,0.4444444444444444,0.425,0.5,EXPRESSION
permutation 7,0.6666666666666666,0.22222222222222224,0.5,EXPRESSION
permutation 7,0.7777777777777778,0.5,0.5,EXPRESSION
permutation 7,0.4444444444444444,0.275,0.4,EXPRESSION
permutation 7,0.7777777777777778,0.2142857142857143,0.5,EXPRESSION
permutation 7,0.6666666666666666,0.5714285714285714,0.6071428571428572,EXPRESSION
permutation 7,0.7777777777777778,0.25,0.4375,EXPRESSION
permutation 7,0.5555555555555556,0.4722222222222222,0.4166666666666667,EXPRESSION
permutation 7,0.8888888888888888,0.125,0.5,EXPRESSION
permutation 7,0.7777777777777778,0.5714285714285714,0.5,EXPRESSION
permutation 7,0.4444444444444444,0.1,0.5,EXPRESSION
permutation 7,0.7777777777777778,0.1428571428571429,0.5,EXPRESSION
permutation 7,0.8888888888888888,0.0,0.5,EXPRESSION
permutation 7,0.5555555555555556,0.5,0.3125,EXPRESSION
permutation 7,0.5555555555555556,0.2142857142857143,0.35714285714285715,EXPRESSION
permutation 7,0.5555555555555556,0.55,0.5,EXPRESSION
permutation 7,0.4444444444444444,0.25,0.25,EXPRESSION
permutation 7,0.6666666666666666,0.4285714285714286,0.42857142857142855,EXPRESSION
permutation 7,0.5555555555555556,0.7222222222222223,0.5,EXPRESSION
permutation 7,0.3333333333333333,0.05555555555555554,0.25,EXPRESSION
permutation 7,0.6666666666666666,0.5,0.5,EXPRESSION
permutation 7,0.7777777777777778,0.1428571428571429,0.5,EXPRESSION
permutation 8,1.0,1.0,1.0,EXPRESSION
permutation 8,0.5555555555555556,0.25,0.3125,EXPRESSION
permutation 8,0.7777777777777778,0.7142857142857142,0.5,EXPRESSION
permutation 8,0.5555555555555556,0.25,0.5,EXPRESSION
permutation 8,0.6666666666666666,1.0,0.5,EXPRESSION
permutation 8,0.7777777777777778,0.6428571428571429,0.5,EXPRESSION
permutation 8,0.6666666666666666,0.6785714285714286,0.42857142857142855,EXPRESSION
permutation 8,1.0,1.0,1.0,EXPRESSION
permutation 8,0.7777777777777778,0.7857142857142857,0.6785714285714286,EXPRESSION
permutation 8,0.6666666666666666,0.5833333333333333,0.5,EXPRESSION
permutation 8,0.8888888888888888,0.125,0.5,EXPRESSION
permutation 8,0.5555555555555556,0.7000000000000001,0.5,EXPRESSION
permutation 8,0.5555555555555556,0.4722222222222222,0.5833333333333333,EXPRESSION
permutation 8,0.6666666666666666,0.7142857142857143,0.42857142857142855,EXPRESSION
permutation 8,0.6666666666666666,0.75,0.375,EXPRESSION
permutation 8,0.6666666666666666,0.75,0.8125,EXPRESSION
permutation 8,0.6666666666666666,0.7777777777777778,0.5,EXPRESSION
permutation 8,0.5555555555555556,0.8,0.5,EXPRESSION
permutation 8,0.7777777777777778,0.6428571428571428,0.5,EXPRESSION
permutation 8,0.5555555555555556,0.5,0.5,EXPRESSION
permutation 8,0.5555555555555556,0.3888888888888889,0.4166666666666667,EXPRESSION
permutation 8,0.7777777777777778,0.2857142857142857,0.5,EXPRESSION
permutation 8,0.7777777777777778,0.5,0.4375,EXPRESSION
permutation 8,0.6666666666666666,0.6,0.625,EXPRESSION
permutation 8,0.7777777777777778,0.6428571428571428,0.5,EXPRESSION
permutation 9,0.5555555555555556,0.4444444444444444,0.4166666666666667,EXPRESSION
permutation 9,0.6666666666666666,0.4285714285714286,0.42857142857142855,EXPRESSION
permutation 9,0.5555555555555556,0.5,0.4166666666666667,EXPRESSION
permutation 9,0.6666666666666666,0.375,0.375,EXPRESSION
permutation 9,0.8888888888888888,0.5714285714285714,0.75,EXPRESSION
permutation 9,0.6666666666666666,0.6666666666666666,0.5,EXPRESSION
permutation 9,0.4444444444444444,0.38888888888888884,0.3333333333333333,EXPRESSION
permutation 9,0.5555555555555556,0.3125,0.3125,EXPRESSION
permutation 9,0.7777777777777778,0.7857142857142857,0.5,EXPRESSION
permutation 9,0.6666666666666666,0.125,0.375,EXPRESSION
permutation 9,0.5555555555555556,0.6499999999999999,0.5,EXPRESSION
permutation 9,0.6666666666666666,0.38888888888888884,0.5,EXPRESSION
permutation 9,0.7777777777777778,0.7857142857142857,0.5,EXPRESSION
permutation 9,0.5555555555555556,0.2857142857142857,0.35714285714285715,EXPRESSION
permutation 9,0.6666666666666666,0.6071428571428572,0.6071428571428572,EXPRESSION
permutation 9,0.4444444444444444,0.45,0.5,EXPRESSION
permutation 9,0.6666666666666666,0.5714285714285714,0.42857142857142855,EXPRESSION
permutation 9,0.5555555555555556,0.45,0.5,EXPRESSION
permutation 9,0.5555555555555556,0.5833333333333333,0.4166666666666667,EXPRESSION
permutation 9,0.5555555555555556,0.6000000000000001,0.5,EXPRESSION
permutation 9,0.5555555555555556,0.5,0.35714285714285715,EXPRESSION
permutation 9,0.6666666666666666,0.5714285714285714,0.42857142857142855,EXPRESSION
permutation 9,0.2222222222222222,0.2222222222222222,0.16666666666666666,EXPRESSION
permutation 9,0.6666666666666666,0.5,0.5,EXPRESSION
permutation 9,1.0,0.9999999999999999,1.0,EXPRESSION
permutation 10,0.5555555555555556,0.5,0.5,EXPRESSION
permutation 10,0.7777777777777778,0.8125,0.875,EXPRESSION
permutation 10,0.1111111111111111,0.0625,0.0625,EXPRESSION
permutation 10,0.6666666666666666,0.6666666666666666,0.5,EXPRESSION
permutation 10,0.4444444444444444,0.6875,0.6875,EXPRESSION
permutation 10,0.5555555555555556,0.6428571428571428,0.35714285714285715,EXPRESSION
permutation 10,0.4444444444444444,0.35,0.4,EXPRESSION
permutation 10,0.5555555555555556,0.8250000000000001,0.5,EXPRESSION
permutation 10,0.5555555555555556,0.375,0.3125,EXPRESSION
permutation 10,0.6666666666666666,0.6666666666666666,0.5,EXPRESSION
permutation 10,0.6666666666666666,0.4285714285714286,0.42857142857142855,EXPRESSION
permutation 10,0.7777777777777778,0.4285714285714286,0.5,EXPRESSION
permutation 10,0.4444444444444444,0.44999999999999996,0.5,EXPRESSION
permutation 10,0.4444444444444444,0.32499999999999996,0.4,EXPRESSION
permutation 10,0.6666666666666666,0.5555555555555555,0.5,EXPRESSION
permutation 10,0.6666666666666666,0.5,0.5,EXPRESSION
permutation 10,0.8888888888888888,0.125,0.5,EXPRESSION
permutation 10,0.6666666666666666,0.6666666666666666,0.5,EXPRESSION
permutation 10,0.6666666666666666,0.5277777777777778,0.5,EXPRESSION
permutation 10,0.5555555555555556,0.36111111111111105,0.4166666666666667,EXPRESSION
permutation 10,0.5555555555555556,0.3125,0.3125,EXPRESSION
permutation 10,0.6666666666666666,0.2142857142857143,0.42857142857142855,EXPRESSION
permutation 10,0.7777777777777778,0.625,0.4375,EXPRESSION
permutation 10,0.6666666666666666,0.1388888888888889,0.5,EXPRESSION
permutation 10,0.7777777777777778,0.5,0.6785714285714286,EXPRESSION
permutation 11,0.7777777777777778,0.1428571428571429,0.5,EXPRESSION
permutation 11,0.6666666666666666,0.5833333333333333,0.5833333333333334,EXPRESSION
permutation 11,0.5555555555555556,0.5714285714285714,0.35714285714285715,EXPRESSION
permutation 11,0.4444444444444444,0.41666666666666663,0.41666666666666663,EXPRESSION
permutation 11,0.4444444444444444,0.02777777777777777,0.3333333333333333,EXPRESSION
permutation 11,0.7777777777777778,0.14285714285714285,0.5,EXPRESSION
permutation 11,0.7777777777777778,0.5714285714285714,0.5,EXPRESSION
permutation 11,0.5555555555555556,0.7,0.5,EXPRESSION
permutation 11,0.7777777777777778,0.17857142857142858,0.5,EXPRESSION
permutation 11,0.6666666666666666,0.6944444444444444,0.5,EXPRESSION
permutation 11,0.8888888888888888,0.875,0.5,EXPRESSION
permutation 11,0.8888888888888888,0.9375,0.9375,EXPRESSION
permutation 11,0.7777777777777778,0.2142857142857143,0.5,EXPRESSION
permutation 11,0.6666666666666666,0.33333333333333337,0.5,EXPRESSION
permutation 11,0.4444444444444444,0.30000000000000004,0.5,EXPRESSION
permutation 11,0.7777777777777778,0.5,0.4375,EXPRESSION
permutation 11,0.6666666666666666,0.33333333333333337,0.5,EXPRESSION
permutation 11,0.7777777777777778,0.4285714285714286,0.5,EXPRESSION
permutation 11,0.8888888888888888,0.625,0.5,EXPRESSION
permutation 11,0.4444444444444444,0.41666666666666663,0.41666666666666663,EXPRESSION
permutation 11,0.5555555555555556,0.5,0.5,EXPRESSION
permutation 11,0.7777777777777778,0.5,0.5,EXPRESSION
permutation 11,0.8888888888888888,0.3125,0.5,EXPRESSION
permutation 11,0.7777777777777778,0.625,0.4375,EXPRESSION
permutation 11,0.5555555555555556,0.0,0.4166666666666667,EXPRESSION
permutation 12,0.4444444444444444,0.35,0.425,EXPRESSION
permutation 12,0.6666666666666666,0.6071428571428571,0.6071428571428572,EXPRESSION
permutation 12,0.7777777777777778,0.5,0.5,EXPRESSION
permutation 12,0.3333333333333333,0.2,0.3,EXPRESSION
permutation 12,0.8888888888888888,0.7857142857142857,0.75,EXPRESSION
permutation 12,0.6666666666666666,0.7777777777777778,0.5,EXPRESSION
permutation 12,0.3333333333333333,0.375,0.3,EXPRESSION
permutation 12,0.7777777777777778,0.5,0.5,EXPRESSION
permutation 12,0.6666666666666666,0.3928571428571429,0.42857142857142855,EXPRESSION
permutation 12,0.6666666666666666,0.6666666666666667,0.5,EXPRESSION
permutation 12,0.4444444444444444,0.5277777777777778,0.41666666666666663,EXPRESSION
permutation 12,0.6666666666666666,0.5833333333333334,0.6666666666666666,EXPRESSION
permutation 12,0.8888888888888888,0.6071428571428572,0.75,EXPRESSION
permutation 12,0.7777777777777778,0.33333333333333337,0.6666666666666666,EXPRESSION
permutation 12,0.5555555555555556,0.7,0.5,EXPRESSION
permutation 12,0.6666666666666666,0.07142857142857145,0.42857142857142855,EXPRESSION
permutation 12,0.3333333333333333,0.41666666666666663,0.41666666666666663,EXPRESSION
permutation 12,0.7777777777777778,0.7142857142857142,0.5,EXPRESSION
permutation 12,0.4444444444444444,0.41666666666666663,0.3333333333333333,EXPRESSION
permutation 12,0.7777777777777778,0.2142857142857143,0.5,EXPRESSION
permutation 12,0.6666666666666666,0.5,0.5,EXPRESSION
permutation 12,0.7777777777777778,0.7857142857142857,0.5,EXPRESSION
permutation 12,0.5555555555555556,0.55,0.5,EXPRESSION
permutation 12,0.5555555555555556,0.36111111111111105,0.4166666666666667,EXPRESSION
permutation 12,0.7777777777777778,0.3928571428571429,0.5,EXPRESSION
permutation 13,0.7777777777777778,0.7142857142857142,0.5,EXPRESSION
permutation 13,0.6666666666666666,0.5833333333333333,0.6666666666666666,EXPRESSION
permutation 13,0.7777777777777778,0.6666666666666666,0.6666666666666666,EXPRESSION
permutation 13,0.5555555555555556,0.49999999999999994,0.5,EXPRESSION
permutation 13,0.4444444444444444,0.55,0.5,EXPRESSION
permutation 13,0.5555555555555556,0.8,0.5,EXPRESSION
permutation 13,0.6666666666666666,0.8333333333333333,0.5,EXPRESSION
permutation 13,0.7777777777777778,0.7857142857142857,0.6785714285714286,EXPRESSION
permutation 13,0.8888888888888888,0.125,0.5,EXPRESSION
permutation 13,0.8888888888888888,0.875,0.5,EXPRESSION
permutation 13,0.6666666666666666,0.8888888888888888,0.5,EXPRESSION
permutation 13,0.4444444444444444,0.2142857142857143,0.2857142857142857,EXPRESSION
permutation 13,0.7777777777777778,0.10714285714285715,0.5,EXPRESSION
permutation 13,0.7777777777777778,0.75,0.4375,EXPRESSION
permutation 13,0.7777777777777778,0.125,0.4375,EXPRESSION
permutation 13,0.6666666666666666,0.3055555555555555,0.5,EXPRESSION
permutation 13,0.8888888888888888,0.6785714285714286,0.75,EXPRESSION
permutation 13,0.5555555555555556,0.625,0.3125,EXPRESSION
permutation 13,0.7777777777777778,0.375,0.4375,EXPRESSION
permutation 13,0.8888888888888888,0.125,0.5,EXPRESSION
permutation 13,0.5555555555555556,0.2857142857142857,0.35714285714285715,EXPRESSION
permutation 13,0.4444444444444444,0.0,0.3333333333333333,EXPRESSION
permutation 13,0.8888888888888888,1.0,0.5,EXPRESSION
permutation 13,0.6666666666666666,0.27777777777777773,0.5,EXPRESSION
permutation 13,0.6666666666666666,0.30000000000000004,0.625,EXPRESSION
permutation 14,0.5555555555555556,0.5,0.5,EXPRESSION
permutation 14,0.7777777777777778,0.6785714285714286,0.6785714285714286,EXPRESSION
permutation 14,0.7777777777777778,1.0,0.5,EXPRESSION
permutation 14,0.7777777777777778,0.875,0.4375,EXPRESSION
permutation 14,0.6666666666666666,0.2857142857142857,0.42857142857142855,EXPRESSION
permutation 14,0.6666666666666666,0.1428571428571429,0.42857142857142855,EXPRESSION
permutation 14,0.6666666666666666,0.625,0.375,EXPRESSION
permutation 14,0.6666666666666666,0.3333333333333333,0.5,EXPRESSION
permutation 14,0.8888888888888888,0.9375,0.9375,EXPRESSION
permutation 14,0.5555555555555556,0.575,0.5,EXPRESSION
permutation 14,0.7777777777777778,0.4375,0.4375,EXPRESSION
permutation 14,0.8888888888888888,1.0,0.5,EXPRESSION
permutation 14,0.3333333333333333,0.1,0.3,EXPRESSION
permutation 14,0.6666666666666666,0.36111111111111105,0.5,EXPRESSION
permutation 14,0.5555555555555556,0.625,0.3125,EXPRESSION
permutation 14,0.7777777777777778,1.0,0.5,EXPRESSION
permutation 14,0.7777777777777778,0.6428571428571428,0.5,EXPRESSION
permutation 14,0.8888888888888888,0.125,0.5,EXPRESSION
permutation 14,0.5555555555555556,0.25,0.4166666666666667,EXPRESSION
permutation 14,0.5555555555555556,0.11111111111111108,0.4166666666666667,EXPRESSION
permutation 14,0.4444444444444444,0.27777777777777773,0.41666666666666663,EXPRESSION
permutation 14,0.4444444444444444,0.625,0.5,EXPRESSION
permutation 14,0.6666666666666666,0.2777777777777778,0.5,EXPRESSION
permutation 14,0.4444444444444444,0.725,0.5,EXPRESSION
permutation 14,0.6666666666666666,0.5714285714285714,0.42857142857142855,EXPRESSION
permutation 15,0.6666666666666666,0.7142857142857142,0.42857142857142855,EXPRESSION
permutation 15,0.7777777777777778,0.4285714285714286,0.5,EXPRESSION
permutation 15,0.7777777777777778,0.6666666666666666,0.6666666666666666,EXPRESSION
permutation 15,0.7777777777777778,0.125,0.4375,EXPRESSION
permutation 15,0.8888888888888888,0.625,0.5,EXPRESSION
permutation 15,0.7777777777777778,0.75,0.4375,EXPRESSION
permutation 15,0.6666666666666666,0.4722222222222222,0.5,EXPRESSION
permutation 15,0.5555555555555556,0.5,0.4166666666666667,EXPRESSION
permutation 15,0.5555555555555556,0.44999999999999996,0.5,EXPRESSION
permutation 15,0.7777777777777778,0.4285714285714286,0.5,EXPRESSION
permutation 15,0.5555555555555556,0.39999999999999997,0.5,EXPRESSION
permutation 15,0.6666666666666666,0.6666666666666666,0.5,EXPRESSION
permutation 15,0.6666666666666666,0.5833333333333333,0.5,EXPRESSION
permutation 15,0.5555555555555556,0.3333333333333333,0.4166666666666667,EXPRESSION
permutation 15,0.5555555555555556,0.3928571428571429,0.35714285714285715,EXPRESSION
permutation 15,0.8888888888888888,0.125,0.5,EXPRESSION
permutation 15,0.5555555555555556,0.2,0.5,EXPRESSION
permutation 15,0.6666666666666666,0.4444444444444444,0.5,EXPRESSION
permutation 15,0.5555555555555556,0.3055555555555555,0.4166666666666667,EXPRESSION
permutation 15,0.7777777777777778,0.75,0.4375,EXPRESSION
permutation 15,0.5555555555555556,0.125,0.3125,EXPRESSION
permutation 15,0.7777777777777778,1.0,0.875,EXPRESSION
permutation 15,0.5555555555555556,0.675,0.5,EXPRESSION
permutation 15,0.7777777777777778,0.7142857142857143,0.5,EXPRESSION
permutation 15,0.7777777777777778,0.5714285714285714,0.6785714285714286,EXPRESSION
permutation 16,0.4444444444444444,0.42499999999999993,0.425,EXPRESSION
permutation 16,0.5555555555555556,0.0,0.4166666666666667,EXPRESSION
permutation 16,0.3333333333333333,0.17500000000000002,0.375,EXPRESSION
permutation 16,0.6666666666666666,0.3571428571428571,0.42857142857142855,EXPRESSION
permutation 16,0.6666666666666666,0.7142857142857143,0.42857142857142855,EXPRESSION
permutation 16,0.6666666666666666,0.33333333333333337,0.5,EXPRESSION
permutation 16,0.5555555555555556,0.7142857142857143,0.5357142857142857,EXPRESSION
permutation 16,0.6666666666666666,0.5,0.5,EXPRESSION
permutation 16,0.8888888888888888,0.5,0.5,EXPRESSION
permutation 16,0.7777777777777778,0.75,0.4375,EXPRESSION
permutation 16,0.8888888888888888,0.125,0.5,EXPRESSION
permutation 16,0.4444444444444444,0.3333333333333333,0.41666666666666663,EXPRESSION
permutation 16,0.7777777777777778,0.5555555555555556,0.6666666666666666,EXPRESSION
permutation 16,0.8888888888888888,0.625,0.5,EXPRESSION
permutation 16,0.4444444444444444,0.38888888888888884,0.41666666666666663,EXPRESSION
permutation 16,0.7777777777777778,0.2142857142857143,0.5,EXPRESSION
permutation 16,0.7777777777777778,0.28571428571428575,0.5,EXPRESSION
permutation 16,0.4444444444444444,0.09999999999999998,0.4,EXPRESSION
permutation 16,0.6666666666666666,0.5555555555555556,0.5,EXPRESSION
permutation 16,0.8888888888888888,0.125,0.5,EXPRESSION
permutation 16,0.2222222222222222,0.035714285714285726,0.14285714285714285,EXPRESSION
permutation 16,0.7777777777777778,0.7,0.75,EXPRESSION
permutation 16,0.6666666666666666,0.5714285714285714,0.42857142857142855,EXPRESSION
permutation 16,0.5555555555555556,0.45000000000000007,0.5,EXPRESSION
permutation 16,0.8888888888888888,1.0,0.5,EXPRESSION
permutation 17,0.7777777777777778,0.9285714285714286,0.6785714285714286,EXPRESSION
permutation 17,0.5555555555555556,0.75,0.5,EXPRESSION
permutation 17,0.6666666666666666,0.16666666666666666,0.5,EXPRESSION
permutation 17,0.6666666666666666,0.5714285714285714,0.6071428571428572,EXPRESSION
permutation 17,1.0,1.0,1.0,EXPRESSION
permutation 17,0.2222222222222222,0.33333333333333337,0.3333333333333333,EXPRESSION
permutation 17,0.8888888888888888,0.9166666666666667,0.9166666666666667,EXPRESSION
permutation 17,0.7777777777777778,0.7142857142857143,0.5,EXPRESSION
permutation 17,0.7777777777777778,0.7142857142857142,0.5,EXPRESSION
permutation 17,0.8888888888888888,0.875,0.9375,EXPRESSION
permutation 17,0.5555555555555556,0.375,0.5,EXPRESSION
permutation 17,0.7777777777777778,0.7857142857142857,0.5,EXPRESSION
permutation 17,0.6666666666666666,0.5555555555555556,0.5,EXPRESSION
permutation 17,0.4444444444444444,0.575,0.4,EXPRESSION
permutation 17,0.4444444444444444,0.49999999999999994,0.5,EXPRESSION
permutation 17,0.6666666666666666,0.7142857142857142,0.6071428571428572,EXPRESSION
permutation 17,0.8888888888888888,0.25,0.5,EXPRESSION
permutation 17,0.7777777777777778,0.4285714285714286,0.6785714285714286,EXPRESSION
permutation 17,0.5555555555555556,0.5499999999999999,0.5,EXPRESSION
permutation 17,0.5555555555555556,0.6666666666666667,0.4166666666666667,EXPRESSION
permutation 17,0.6666666666666666,0.4444444444444444,0.5,EXPRESSION
permutation 17,0.6666666666666666,0.6666666666666667,0.6666666666666666,EXPRESSION
permutation 17,0.6666666666666666,0.0625,0.375,EXPRESSION
permutation 17,0.5555555555555556,0.55,0.5,EXPRESSION
permutation 17,0.7777777777777778,0.7222222222222222,0.6666666666666666,EXPRESSION
permutation 18,0.6666666666666666,0.32142857142857145,0.42857142857142855,EXPRESSION
permutation 18,0.7777777777777778,0.375,0.4375,EXPRESSION
permutation 18,0.5555555555555556,0.3888888888888889,0.4166666666666667,EXPRESSION
permutation 18,0.7777777777777778,0.5,0.5,EXPRESSION
permutation 18,0.4444444444444444,0.2857142857142857,0.2857142857142857,EXPRESSION
permutation 18,0.5555555555555556,0.41666666666666663,0.5,EXPRESSION
permutation 18,0.7777777777777778,0.5,0.5,EXPRESSION
permutation 18,0.6666666666666666,0.3333333333333333,0.5,EXPRESSION
permutation 18,0.5555555555555556,0.5714285714285714,0.35714285714285715,EXPRESSION
permutation 18,0.7777777777777778,0.4285714285714286,0.5,EXPRESSION
permutation 18,0.4444444444444444,0.4375,0.25,EXPRESSION
permutation 18,0.4444444444444444,0.8,0.5,EXPRESSION
permutation 18,0.8888888888888888,0.625,0.5,EXPRESSION
permutation 18,0.7777777777777778,0.2142857142857143,0.5,EXPRESSION
permutation 18,0.7777777777777778,0.5714285714285714,0.5,EXPRESSION
permutation 18,0.6666666666666666,0.5555555555555556,0.5,EXPRESSION
permutation 18,0.6666666666666666,0.7222222222222222,0.5,EXPRESSION
permutation 18,0.6666666666666666,0.7777777777777778,0.5,EXPRESSION
permutation 18,0.7777777777777778,0.42857142857142855,0.5,EXPRESSION
permutation 18,0.6666666666666666,0.4285714285714286,0.6071428571428572,EXPRESSION
permutation 18,0.3333333333333333,0.25,0.1875,EXPRESSION
permutation 18,0.7777777777777778,0.4285714285714286,0.5,EXPRESSION
permutation 18,0.4444444444444444,0.2142857142857143,0.2857142857142857,EXPRESSION
permutation 18,0.6666666666666666,0.22222222222222224,0.5,EXPRESSION
permutation 18,0.6666666666666666,0.3928571428571429,0.42857142857142855,EXPRESSION
permutation 19,0.4444444444444444,0.625,0.5,EXPRESSION
permutation 19,1.0,1.0,1.0,EXPRESSION
permutation 19,0.3333333333333333,0.3,0.3,EXPRESSION
permutation 19,0.6666666666666666,0.625,0.625,EXPRESSION
permutation 19,0.4444444444444444,0.7749999999999999,0.5,EXPRESSION
permutation 19,0.5555555555555556,0.7777777777777778,0.4166666666666667,EXPRESSION
permutation 19,0.7777777777777778,0.4642857142857143,0.5,EXPRESSION
permutation 19,0.4444444444444444,0.5555555555555556,0.3333333333333333,EXPRESSION
permutation 19,0.7777777777777778,0.1428571428571429,0.5,EXPRESSION
permutation 19,0.7777777777777778,0.875,0.875,EXPRESSION
permutation 19,0.8888888888888888,0.875,0.5,EXPRESSION
permutation 19,0.6666666666666666,0.33333333333333337,0.5,EXPRESSION
permutation 19,0.6666666666666666,0.125,0.375,EXPRESSION
permutation 19,0.2222222222222222,0.3125,0.5625,EXPRESSION
permutation 19,0.4444444444444444,0.3,0.4,EXPRESSION
permutation 19,0.7777777777777778,0.7857142857142857,0.5,EXPRESSION
permutation 19,0.5555555555555556,0.5555555555555555,0.4166666666666667,EXPRESSION
permutation 19,1.0,1.0,1.0,EXPRESSION
permutation 19,0.7777777777777778,0.6071428571428572,0.5,EXPRESSION
permutation 19,0.7777777777777778,0.5714285714285714,0.5,EXPRESSION
permutation 19,0.7777777777777778,0.7142857142857143,0.5,EXPRESSION
permutation 19,0.6666666666666666,0.3611111111111111,0.5,EXPRESSION
permutation 19,0.7777777777777778,0.3125,0.4375,EXPRESSION
permutation 19,0.6666666666666666,0.6071428571428572,0.42857142857142855,EXPRESSION
permutation 19,0.8888888888888888,0.5714285714285714,0.75,EXPRESSION
permutation 20,0.7777777777777778,0.4285714285714286,0.5,EXPRESSION
permutation 20,0.7777777777777778,0.8928571428571429,0.5,EXPRESSION
permutation 20,0.6666666666666666,1.0,0.5,EXPRESSION
permutation 20,0.7777777777777778,0.5,0.5,EXPRESSION
permutation 20,0.7777777777777778,0.375,0.4375,EXPRESSION
permutation 20,0.8888888888888888,0.25,0.5,EXPRESSION
permutation 20,0.4444444444444444,0.07499999999999998,0.4,EXPRESSION
permutation 20,0.7777777777777778,0.3571428571428572,0.5,EXPRESSION
permutation 20,0.6666666666666666,0.5555555555555555,0.5,EXPRESSION
permutation 20,0.8888888888888888,0.1875,0.5,EXPRESSION
permutation 20,0.5555555555555556,0.5833333333333333,0.4166666666666667,EXPRESSION
permutation 20,0.7777777777777778,0.5,0.5,EXPRESSION
permutation 20,0.4444444444444444,0.1785714285714286,0.2857142857142857,EXPRESSION
permutation 20,0.6666666666666666,0.6388888888888888,0.5833333333333334,EXPRESSION
permutation 20,0.5555555555555556,0.24999999999999994,0.4166666666666667,EXPRESSION
permutation 20,0.4444444444444444,0.2777777777777778,0.3333333333333333,EXPRESSION
permutation 20,0.6666666666666666,0.7777777777777778,0.5,EXPRESSION
permutation 20,0.5555555555555556,0.5,0.5,EXPRESSION
permutation 20,0.8888888888888888,0.625,0.5,EXPRESSION
permutation 20,0.6666666666666666,0.4722222222222222,0.5,EXPRESSION
permutation 20,0.5555555555555556,0.5714285714285714,0.35714285714285715,EXPRESSION
permutation 20,0.7777777777777778,0.5,0.5,EXPRESSION
permutation 20,0.7777777777777778,0.4285714285714286,0.5,EXPRESSION
permutation 20,0.8888888888888888,0.75,0.5,EXPRESSION
permutation 20,0.4444444444444444,0.2857142857142857,0.2857142857142857,EXPRESSION
permutation 21,0.6666666666666666,0.5,0.5,EXPRESSION
permutation 21,0.7777777777777778,0.2857142857142857,0.5,EXPRESSION
permutation 21,0.4444444444444444,0.45,0.5,EXPRESSION
permutation 21,0.6666666666666666,0.6666666666666667,0.5,EXPRESSION
permutation 21,0.6666666666666666,0.8125,0.8125,EXPRESSION
permutation 21,0.5555555555555556,0.35714285714285715,0.35714285714285715,EXPRESSION
permutation 21,0.5555555555555556,0.39285714285714285,0.35714285714285715,EXPRESSION
permutation 21,0.6666666666666666,0.4285714285714286,0.42857142857142855,EXPRESSION
permutation 21,0.7777777777777778,0.5,0.5,EXPRESSION
permutation 21,0.8888888888888888,0.9285714285714286,0.75,EXPRESSION
permutation 21,0.5555555555555556,0.2,0.5,EXPRESSION
permutation 21,0.7777777777777778,0.875,0.4375,EXPRESSION
permutation 21,0.5555555555555556,0.19444444444444442,0.4166666666666667,EXPRESSION
permutation 21,0.7777777777777778,0.35714285714285715,0.5,EXPRESSION
permutation 21,0.7777777777777778,0.625,0.4375,EXPRESSION
permutation 21,0.6666666666666666,0.2857142857142857,0.42857142857142855,EXPRESSION
permutation 21,0.7777777777777778,0.5714285714285714,0.5,EXPRESSION
permutation 21,0.6666666666666666,0.6111111111111112,0.5,EXPRESSION
permutation 21,0.6666666666666666,0.6666666666666666,0.5,EXPRESSION
permutation 21,0.8888888888888888,0.625,0.5,EXPRESSION
permutation 21,0.7777777777777778,0.5,0.5,EXPRESSION
permutation 21,0.5555555555555556,0.5277777777777778,0.4166666666666667,EXPRESSION
permutation 21,0.6666666666666666,0.07142857142857145,0.42857142857142855,EXPRESSION
permutation 21,0.7777777777777778,0.5714285714285714,0.5,EXPRESSION
permutation 21,0.6666666666666666,0.33333333333333337,0.5,EXPRESSION
permutation 22,0.5555555555555556,0.27777777777777773,0.4166666666666667,EXPRESSION
permutation 22,0.5555555555555556,0.16666666666666669,0.4166666666666667,EXPRESSION
permutation 22,0.5555555555555556,0.725,0.525,EXPRESSION
permutation 22,0.7777777777777778,0.9285714285714285,0.5,EXPRESSION
permutation 22,0.5555555555555556,0.44999999999999996,0.5,EXPRESSION
permutation 22,0.7777777777777778,0.14285714285714285,0.5,EXPRESSION
permutation 22,0.5555555555555556,0.45,0.5,EXPRESSION
permutation 22,0.5555555555555556,0.32142857142857145,0.35714285714285715,EXPRESSION
permutation 22,1.0,1.0,1.0,EXPRESSION
permutation 22,0.4444444444444444,0.6,0.5,EXPRESSION
permutation 22,0.6666666666666666,0.5,0.5,EXPRESSION
permutation 22,0.6666666666666666,0.75,0.5,EXPRESSION
permutation 22,0.7777777777777778,0.2142857142857143,0.5,EXPRESSION
permutation 22,0.7777777777777778,0.3125,0.4375,EXPRESSION
permutation 22,0.5555555555555556,0.5,0.5,EXPRESSION
permutation 22,0.7777777777777778,0.75,0.4375,EXPRESSION
permutation 22,0.6666666666666666,0.625,0.625,EXPRESSION
permutation 22,0.8888888888888888,0.625,0.5,EXPRESSION
permutation 22,0.6666666666666666,0.6388888888888888,0.5833333333333334,EXPRESSION
permutation 22,0.6666666666666666,0.888888888888889,0.5,EXPRESSION
permutation 22,0.5555555555555556,0.7,0.5,EXPRESSION
permutation 22,0.7777777777777778,0.375,0.4375,EXPRESSION
permutation 22,0.7777777777777778,0.7142857142857143,0.5,EXPRESSION
permutation 22,0.5555555555555556,0.5750000000000001,0.525,EXPRESSION
permutation 22,0.4444444444444444,0.2857142857142857,0.2857142857142857,EXPRESSION
permutation 23,0.3333333333333333,0.25,0.1875,EXPRESSION
permutation 23,0.6666666666666666,0.611111111111111,0.5833333333333334,EXPRESSION
permutation 23,0.6666666666666666,0.8250000000000001,0.625,EXPRESSION
permutation 23,0.7777777777777778,0.07142857142857145,0.5,EXPRESSION
permutation 23,0.7777777777777778,0.7857142857142857,0.6785714285714286,EXPRESSION
permutation 23,0.5555555555555556,0.6499999999999999,0.5,EXPRESSION
permutation 23,0.7777777777777778,0.6111111111111112,0.6666666666666666,EXPRESSION
permutation 23,0.7777777777777778,0.07142857142857145,0.5,EXPRESSION
permutation 23,0.8888888888888888,0.5714285714285714,0.75,EXPRESSION
permutation 23,0.8888888888888888,0.0625,0.5,EXPRESSION
permutation 23,0.3333333333333333,0.0,0.25,EXPRESSION
permutation 23,0.4444444444444444,0.1428571428571429,0.2857142857142857,EXPRESSION
permutation 23,0.4444444444444444,0.49999999999999994,0.5,EXPRESSION
permutation 23,0.6666666666666666,0.9,0.625,EXPRESSION
permutation 23,0.6666666666666666,0.25,0.42857142857142855,EXPRESSION
permutation 23,0.7777777777777778,0.6071428571428571,0.5,EXPRESSION
permutation 23,0.6666666666666666,0.6,0.625,EXPRESSION
permutation 23,0.8888888888888888,0.0625,0.5,EXPRESSION
permutation 23,0.6666666666666666,0.3125,0.375,EXPRESSION
permutation 23,0.5555555555555556,0.32142857142857145,0.35714285714285715,EXPRESSION
permutation 23,0.2222222222222222,0.07500000000000001,0.25,EXPRESSION
permutation 23,0.7777777777777778,0.8333333333333333,0.6666666666666666,EXPRESSION
permutation 23,0.3333333333333333,0.22222222222222224,0.25,EXPRESSION
permutation 23,0.5555555555555556,0.4,0.5,EXPRESSION
permutation 23,0.5555555555555556,0.75,0.75,EXPRESSION
permutation 24,0.6666666666666666,0.6111111111111112,0.5,EXPRESSION
permutation 24,0.5555555555555556,0.3125,0.3125,EXPRESSION
permutation 24,0.5555555555555556,0.475,0.5,EXPRESSION
permutation 24,0.8888888888888888,0.0625,0.5,EXPRESSION
permutation 24,0.6666666666666666,0.28571428571428575,0.42857142857142855,EXPRESSION
permutation 24,0.6666666666666666,0.375,0.375,EXPRESSION
permutation 24,0.5555555555555556,0.6,0.6,EXPRESSION
permutation 24,0.7777777777777778,0.6071428571428571,0.5,EXPRESSION
permutation 24,0.6666666666666666,0.6428571428571429,0.42857142857142855,EXPRESSION
permutation 24,0.6666666666666666,0.75,0.5,EXPRESSION
permutation 24,0.6666666666666666,0.6666666666666667,0.6666666666666666,EXPRESSION
permutation 24,0.6666666666666666,0.7222222222222222,0.5,EXPRESSION
permutation 24,0.4444444444444444,0.39999999999999997,0.4,EXPRESSION
permutation 24,0.6666666666666666,0.16666666666666666,0.5,EXPRESSION
permutation 24,0.5555555555555556,0.575,0.5,EXPRESSION
permutation 24,0.6666666666666666,0.38888888888888884,0.5833333333333334,EXPRESSION
permutation 24,0.6666666666666666,0.32142857142857145,0.42857142857142855,EXPRESSION
permutation 24,0.7777777777777778,0.775,0.75,EXPRESSION
permutation 24,0.5555555555555556,0.375,0.5,EXPRESSION
permutation 24,0.7777777777777778,0.1428571428571429,0.5,EXPRESSION
permutation 24,0.5555555555555556,0.35714285714285715,0.35714285714285715,EXPRESSION
permutation 24,0.5555555555555556,0.625,0.5,EXPRESSION
permutation 24,0.6666666666666666,0.6071428571428571,0.6071428571428572,EXPRESSION
permutation 24,0.8888888888888888,0.125,0.5,EXPRESSION
permutation 24,0.6666666666666666,0.1785714285714286,0.42857142857142855,EXPRESSION
original,0.8888888888888888,0.9444444444444444,0.8333333333333333,FEATURES
original,0.7777777777777778,0.5,0.5,FEATURES
original,0.7777777777777778,0.5714285714285714,0.5,FEATURES
original,0.8888888888888888,1.0,0.75,FEATURES
original,1.0,1.0,1.0,FEATURES
original,0.7777777777777778,0.8571428571428571,0.6785714285714286,FEATURES
original,0.8888888888888888,1.0,0.8333333333333333,FEATURES
original,0.7777777777777778,0.7777777777777778,0.6666666666666666,FEATURES
original,0.8888888888888888,1.0,0.9166666666666667,FEATURES
original,1.0,1.0,1.0,FEATURES
original,1.0,1.0,1.0,FEATURES
original,0.7777777777777778,0.6666666666666667,0.6666666666666666,FEATURES
original,0.6666666666666666,0.9,0.65,FEATURES
original,0.8888888888888888,0.8333333333333333,0.8333333333333333,FEATURES
original,0.8888888888888888,0.7857142857142857,0.75,FEATURES
original,0.6666666666666666,0.888888888888889,0.5,FEATURES
original,1.0,1.0,1.0,FEATURES
original,0.8888888888888888,0.9285714285714286,0.75,FEATURES
original,0.8888888888888888,0.6428571428571428,0.75,FEATURES
original,0.8888888888888888,1.0,0.9285714285714286,FEATURES
original,0.6666666666666666,0.9,0.7,FEATURES
original,0.8888888888888888,0.75,0.5,FEATURES
original,1.0,1.0,1.0,FEATURES
original,0.8888888888888888,0.375,0.5,FEATURES
original,0.7777777777777778,0.7857142857142857,0.5,FEATURES
permutation 0,0.8888888888888888,0.8214285714285715,0.75,FEATURES
permutation 0,0.6666666666666666,0.575,0.625,FEATURES
permutation 0,0.5555555555555556,0.7,0.5,FEATURES
permutation 0,0.8888888888888888,0.0,0.5,FEATURES
permutation 0,0.7777777777777778,0.125,0.4375,FEATURES
permutation 0,0.6666666666666666,0.41666666666666663,0.5,FEATURES
permutation 0,0.6666666666666666,0.625,0.375,FEATURES
permutation 0,0.5555555555555556,0.45,0.5,FEATURES
permutation 0,0.7777777777777778,0.5,0.5,FEATURES
permutation 0,0.7777777777777778,0.75,0.5,FEATURES
permutation 0,0.7777777777777778,0.8333333333333334,0.75,FEATURES
permutation 0,0.7777777777777778,0.5714285714285714,0.5,FEATURES
permutation 0,0.7777777777777778,0.8888888888888888,0.6666666666666666,FEATURES
permutation 0,0.5555555555555556,0.22222222222222224,0.4166666666666667,FEATURES
permutation 0,0.7777777777777778,0.5,0.5,FEATURES
permutation 0,0.5555555555555556,0.525,0.5,FEATURES
permutation 0,0.3333333333333333,0.325,0.375,FEATURES
permutation 0,0.6666666666666666,0.9166666666666667,0.5,FEATURES
permutation 0,0.5555555555555556,0.325,0.5,FEATURES
permutation 0,0.6666666666666666,0.5833333333333333,0.5,FEATURES
permutation 0,0.6666666666666666,0.3333333333333333,0.5,FEATURES
permutation 0,0.7777777777777778,0.875,0.875,FEATURES
permutation 0,0.7777777777777778,0.6785714285714286,0.5,FEATURES
permutation 0,0.7777777777777778,0.9285714285714286,0.5,FEATURES
permutation 0,0.7777777777777778,0.4285714285714286,0.5,FEATURES
permutation 1,0.6666666666666666,0.3611111111111111,0.5,FEATURES
permutation 1,0.4444444444444444,0.2857142857142857,0.2857142857142857,FEATURES
permutation 1,0.7777777777777778,0.14285714285714285,0.5,FEATURES
permutation 1,0.7777777777777778,0.6071428571428572,0.5,FEATURES
permutation 1,0.6666666666666666,0.8571428571428571,0.42857142857142855,FEATURES
permutation 1,0.6666666666666666,0.4444444444444444,0.5,FEATURES
permutation 1,0.7777777777777778,0.5714285714285714,0.5,FEATURES
permutation 1,0.4444444444444444,0.2857142857142857,0.2857142857142857,FEATURES
permutation 1,0.7777777777777778,0.75,0.5,FEATURES
permutation 1,0.7777777777777778,0.4285714285714286,0.5,FEATURES
permutation 1,0.5555555555555556,0.4,0.5,FEATURES
permutation 1,0.6666666666666666,0.775,0.675,FEATURES
permutation 1,0.7777777777777778,0.875,0.875,FEATURES
permutation 1,0.8888888888888888,0.0625,0.5,FEATURES
permutation 1,0.8888888888888888,0.3125,0.5,FEATURES
permutation 1,0.6666666666666666,0.75,0.42857142857142855,FEATURES
permutation 1,0.8888888888888888,0.625,0.5,FEATURES
permutation 1,0.7777777777777778,0.39285714285714285,0.5,FEATURES
permutation 1,0.5555555555555556,0.19444444444444442,0.4166666666666667,FEATURES
permutation 1,0.5555555555555556,0.45,0.525,FEATURES
permutation 1,0.6666666666666666,0.8333333333333334,0.5,FEATURES
permutation 1,0.5555555555555556,0.6500000000000001,0.5,FEATURES
permutation 1,0.8888888888888888,0.9375,0.9375,FEATURES
permutation 1,0.6666666666666666,0.5555555555555556,0.5,FEATURES
permutation 1,0.7777777777777778,0.3928571428571429,0.5,FEATURES
permutation 2,0.5555555555555556,0.44999999999999996,0.5,FEATURES
permutation 2,0.4444444444444444,0.625,0.4,FEATURES
permutation 2,0.7777777777777778,0.1428571428571429,0.5,FEATURES
permutation 2,0.6666666666666666,0.5,0.375,FEATURES
permutation 2,0.7777777777777778,0.5714285714285714,0.5,FEATURES
permutation 2,0.7777777777777778,0.3125,0.4375,FEATURES
permutation 2,0.7777777777777778,0.38888888888888884,0.6666666666666666,FEATURES
permutation 2,0.6666666666666666,0.5555555555555556,0.5833333333333334,FEATURES
permutation 2,0.6666666666666666,0.5,0.5,FEATURES
permutation 2,0.8888888888888888,0.6428571428571428,0.75,FEATURES
permutation 2,0.6666666666666666,0.4444444444444444,0.5,FEATURES
permutation 2,0.6666666666666666,0.4444444444444444,0.5,FEATURES
permutation 2,0.7777777777777778,1.0,0.5,FEATURES
permutation 2,0.7777777777777778,0.875,0.875,FEATURES
permutation 2,0.8888888888888888,0.6875,0.5,FEATURES
permutation 2,0.5555555555555556,0.625,0.5,FEATURES
permutation 2,0.5555555555555556,0.525,0.5,FEATURES
permutation 2,0.5555555555555556,0.2222222222222222,0.4166666666666667,FEATURES
permutation 2,0.7777777777777778,0.1875,0.4375,FEATURES
permutation 2,0.7777777777777778,0.7142857142857143,0.6785714285714286,FEATURES
permutation 2,0.7777777777777778,0.6388888888888888,0.75,FEATURES
permutation 2,0.6666666666666666,0.7857142857142857,0.7857142857142857,FEATURES
permutation 2,0.6666666666666666,0.75,0.375,FEATURES
permutation 2,0.6666666666666666,0.5555555555555556,0.5,FEATURES
permutation 2,0.5555555555555556,0.6071428571428572,0.5357142857142857,FEATURES
permutation 3,0.5555555555555556,0.725,0.5,FEATURES
permutation 3,0.6666666666666666,0.6071428571428572,0.6071428571428572,FEATURES
permutation 3,0.7777777777777778,0.4642857142857143,0.5,FEATURES
permutation 3,0.4444444444444444,0.22499999999999998,0.5,FEATURES
permutation 3,0.5555555555555556,0.5714285714285714,0.5357142857142857,FEATURES
permutation 3,0.6666666666666666,0.6388888888888888,0.5,FEATURES
permutation 3,0.7777777777777778,0.5,0.5,FEATURES
permutation 3,0.8888888888888888,0.9375,0.5,FEATURES
permutation 3,0.6666666666666666,0.6785714285714286,0.42857142857142855,FEATURES
permutation 3,0.5555555555555556,0.425,0.5,FEATURES
permutation 3,0.6666666666666666,0.4444444444444444,0.5,FEATURES
permutation 3,0.5555555555555556,0.525,0.5,FEATURES
permutation 3,0.4444444444444444,0.42499999999999993,0.4,FEATURES
permutation 3,0.7777777777777778,0.4285714285714286,0.5,FEATURES
permutation 3,0.6666666666666666,0.7777777777777779,0.5,FEATURES
permutation 3,0.5555555555555556,0.45000000000000007,0.5,FEATURES
permutation 3,0.6666666666666666,0.375,0.375,FEATURES
permutation 3,0.6666666666666666,0.5833333333333333,0.5833333333333334,FEATURES
permutation 3,0.5555555555555556,0.625,0.5,FEATURES
permutation 3,0.5555555555555556,0.275,0.5,FEATURES
permutation 3,0.7777777777777778,0.5,0.4375,FEATURES
permutation 3,0.6666666666666666,0.6111111111111112,0.5,FEATURES
permutation 3,0.7777777777777778,0.5,0.5,FEATURES
permutation 3,0.5555555555555556,0.16666666666666666,0.4166666666666667,FEATURES
permutation 3,0.4444444444444444,0.675,0.5,FEATURES
permutation 4,0.7777777777777778,0.825,0.775,FEATURES
permutation 4,0.6666666666666666,0.5,0.6071428571428572,FEATURES
permutation 4,0.7777777777777778,0.7142857142857143,0.5,FEATURES
permutation 4,0.6666666666666666,0.7222222222222222,0.5,FEATURES
permutation 4,0.5555555555555556,0.5555555555555555,0.5,FEATURES
permutation 4,0.8888888888888888,1.0,0.5,FEATURES
permutation 4,0.8888888888888888,0.375,0.5,FEATURES
permutation 4,0.7777777777777778,0.6944444444444444,0.75,FEATURES
permutation 4,1.0,1.0,1.0,FEATURES
permutation 4,0.7777777777777778,0.7857142857142857,0.5,FEATURES
permutation 4,0.6666666666666666,0.8333333333333334,0.5,FEATURES
permutation 4,0.3333333333333333,0.6,0.375,FEATURES
permutation 4,0.6666666666666666,0.8571428571428571,0.42857142857142855,FEATURES
permutation 4,1.0,1.0,1.0,FEATURES
permutation 4,0.7777777777777778,0.9285714285714286,0.8571428571428572,FEATURES
permutation 4,0.4444444444444444,0.4,0.4,FEATURES
permutation 4,0.6666666666666666,0.75,0.5,FEATURES
permutation 4,0.4444444444444444,0.5,0.3333333333333333,FEATURES
permutation 4,0.6666666666666666,0.7777777777777778,0.5,FEATURES
permutation 4,0.5555555555555556,0.925,0.5,FEATURES
permutation 4,0.7777777777777778,0.2857142857142857,0.5,FEATURES
permutation 4,0.4444444444444444,0.6388888888888888,0.41666666666666663,FEATURES
permutation 4,0.5555555555555556,0.7,0.5,FEATURES
permutation 4,0.5555555555555556,0.8055555555555556,0.4166666666666667,FEATURES
permutation 4,0.7777777777777778,0.888888888888889,0.6666666666666666,FEATURES
permutation 5,0.6666666666666666,0.5277777777777778,0.5,FEATURES
permutation 5,0.7777777777777778,0.75,0.4375,FEATURES
permutation 5,0.7777777777777778,0.35714285714285715,0.5,FEATURES
permutation 5,0.4444444444444444,0.6428571428571428,0.6428571428571428,FEATURES
permutation 5,0.8888888888888888,0.875,0.5,FEATURES
permutation 5,0.5555555555555556,0.7,0.5,FEATURES
permutation 5,1.0,1.0,1.0,FEATURES
permutation 5,0.6666666666666666,0.33333333333333337,0.5,FEATURES
permutation 5,0.6666666666666666,0.5277777777777778,0.5,FEATURES
permutation 5,0.4444444444444444,0.425,0.5,FEATURES
permutation 5,0.7777777777777778,0.888888888888889,0.6666666666666666,FEATURES
permutation 5,0.7777777777777778,0.9285714285714285,0.5,FEATURES
permutation 5,0.6666666666666666,0.4642857142857143,0.42857142857142855,FEATURES
permutation 5,0.5555555555555556,0.33333333333333326,0.4166666666666667,FEATURES
permutation 5,0.4444444444444444,0.3333333333333333,0.3333333333333333,FEATURES
permutation 5,0.5555555555555556,0.65,0.5,FEATURES
permutation 5,0.5555555555555556,0.7500000000000001,0.5,FEATURES
permutation 5,0.8888888888888888,0.875,0.5,FEATURES
permutation 5,0.7777777777777778,0.75,0.4375,FEATURES
permutation 5,0.7777777777777778,0.3928571428571429,0.5,FEATURES
permutation 5,0.7777777777777778,0.0,0.4375,FEATURES
permutation 5,0.4444444444444444,0.4444444444444444,0.3333333333333333,FEATURES
permutation 5,0.6666666666666666,0.38888888888888884,0.5,FEATURES
permutation 5,0.5555555555555556,0.375,0.3125,FEATURES
permutation 5,0.5555555555555556,0.4166666666666667,0.4166666666666667,FEATURES
permutation 6,0.5555555555555556,0.4285714285714286,0.35714285714285715,FEATURES
permutation 6,0.8888888888888888,0.9722222222222222,0.8333333333333333,FEATURES
permutation 6,0.8888888888888888,0.5,0.5,FEATURES
permutation 6,1.0,1.0,1.0,FEATURES
permutation 6,0.6666666666666666,0.6388888888888888,0.5,FEATURES
permutation 6,0.6666666666666666,0.6666666666666666,0.5,FEATURES
permutation 6,0.5555555555555556,0.2857142857142857,0.35714285714285715,FEATURES
permutation 6,0.7777777777777778,0.5357142857142857,0.6785714285714286,FEATURES
permutation 6,0.8888888888888888,0.8125,0.5,FEATURES
permutation 6,0.5555555555555556,0.11111111111111108,0.4166666666666667,FEATURES
permutation 6,0.6666666666666666,0.6388888888888888,0.5,FEATURES
permutation 6,0.7777777777777778,0.0,0.4375,FEATURES
permutation 6,0.6666666666666666,0.7142857142857143,0.42857142857142855,FEATURES
permutation 6,0.7777777777777778,0.75,0.75,FEATURES
permutation 6,0.6666666666666666,0.5555555555555556,0.5,FEATURES
permutation 6,0.6666666666666666,0.0625,0.375,FEATURES
permutation 6,0.5555555555555556,0.41666666666666663,0.5,FEATURES
permutation 6,0.3333333333333333,0.3,0.3,FEATURES
permutation 6,0.5555555555555556,0.5,0.35714285714285715,FEATURES
permutation 6,0.5555555555555556,0.6875,0.75,FEATURES
permutation 6,0.8888888888888888,0.5,0.75,FEATURES
permutation 6,0.7777777777777778,0.38888888888888884,0.6666666666666666,FEATURES
permutation 6,0.6666666666666666,0.17857142857142858,0.42857142857142855,FEATURES
permutation 6,0.7777777777777778,0.6071428571428571,0.5,FEATURES
permutation 6,0.7777777777777778,0.888888888888889,0.6666666666666666,FEATURES
permutation 7,0.7777777777777778,0.4444444444444444,0.6666666666666666,FEATURES
permutation 7,0.7777777777777778,0.5714285714285714,0.5,FEATURES
permutation 7,0.5555555555555556,0.6500000000000001,0.5,FEATURES
permutation 7,0.7777777777777778,0.7857142857142857,0.5,FEATURES
permutation 7,0.7777777777777778,0.7857142857142857,0.5,FEATURES
permutation 7,1.0,1.0,1.0,FEATURES
permutation 7,0.5555555555555556,0.375,0.3125,FEATURES
permutation 7,0.6666666666666666,0.5833333333333334,0.5,FEATURES
permutation 7,0.6666666666666666,0.5,0.375,FEATURES
permutation 7,0.7777777777777778,0.8571428571428572,0.5,FEATURES
permutation 7,0.5555555555555556,0.35714285714285715,0.35714285714285715,FEATURES
permutation 7,0.4444444444444444,0.35,0.4,FEATURES
permutation 7,0.7777777777777778,0.6785714285714286,0.6785714285714286,FEATURES
permutation 7,0.5555555555555556,0.2222222222222222,0.4166666666666667,FEATURES
permutation 7,0.5555555555555556,0.5,0.5,FEATURES
permutation 7,0.5555555555555556,0.35714285714285715,0.35714285714285715,FEATURES
permutation 7,0.5555555555555556,0.7,0.5,FEATURES
permutation 7,0.5555555555555556,0.13888888888888884,0.4166666666666667,FEATURES
permutation 7,0.6666666666666666,0.6666666666666667,0.5,FEATURES
permutation 7,0.6666666666666666,0.75,0.5,FEATURES
permutation 7,0.5555555555555556,0.325,0.5,FEATURES
permutation 7,0.5555555555555556,0.19444444444444442,0.4166666666666667,FEATURES
permutation 7,0.5555555555555556,0.0,0.3125,FEATURES
permutation 7,0.5555555555555556,0.675,0.525,FEATURES
permutation 7,0.6666666666666666,0.625,0.375,FEATURES
permutation 8,0.5555555555555556,0.25,0.3125,FEATURES
permutation 8,1.0,1.0,1.0,FEATURES
permutation 8,0.6666666666666666,0.5,0.5,FEATURES
permutation 8,0.5555555555555556,0.5357142857142857,0.35714285714285715,FEATURES
permutation 8,0.6666666666666666,0.6111111111111112,0.5,FEATURES
permutation 8,0.6666666666666666,0.4722222222222222,0.5,FEATURES
permutation 8,0.6666666666666666,0.11111111111111108,0.5,FEATURES
permutation 8,0.8888888888888888,0.625,0.5,FEATURES
permutation 8,0.6666666666666666,0.6071428571428572,0.42857142857142855,FEATURES
permutation 8,0.8888888888888888,0.3125,0.5,FEATURES
permutation 8,0.7777777777777778,0.6428571428571428,0.5,FEATURES
permutation 8,0.4444444444444444,0.12499999999999997,0.4,FEATURES
permutation 8,0.3333333333333333,0.35714285714285715,0.39285714285714285,FEATURES
permutation 8,0.6666666666666666,0.5,0.5,FEATURES
permutation 8,0.6666666666666666,0.41666666666666663,0.5,FEATURES
permutation 8,0.8888888888888888,0.3125,0.5,FEATURES
permutation 8,0.7777777777777778,0.125,0.4375,FEATURES
permutation 8,0.6666666666666666,0.5555555555555556,0.5,FEATURES
permutation 8,0.6666666666666666,0.25,0.5,FEATURES
permutation 8,0.7777777777777778,0.8571428571428572,0.5,FEATURES
permutation 8,0.4444444444444444,0.45,0.5,FEATURES
permutation 8,0.5555555555555556,0.14285714285714285,0.35714285714285715,FEATURES
permutation 8,0.6666666666666666,0.3928571428571429,0.42857142857142855,FEATURES
permutation 8,0.5555555555555556,0.575,0.5,FEATURES
permutation 8,0.7777777777777778,0.17857142857142858,0.5,FEATURES
permutation 9,0.7777777777777778,0.75,0.4375,FEATURES
permutation 9,0.7777777777777778,0.75,0.4375,FEATURES
permutation 9,0.7777777777777778,0.1875,0.4375,FEATURES
permutation 9,0.7777777777777778,0.5714285714285714,0.6785714285714286,FEATURES
permutation 9,0.8888888888888888,0.75,0.5,FEATURES
permutation 9,0.7777777777777778,0.2857142857142857,0.5,FEATURES
permutation 9,0.7777777777777778,0.28571428571428575,0.5,FEATURES
permutation 9,0.6666666666666666,0.5357142857142857,0.6071428571428572,FEATURES
permutation 9,0.7777777777777778,0.3214285714285714,0.5,FEATURES
permutation 9,0.5555555555555556,0.5,0.6,FEATURES
permutation 9,0.6666666666666666,0.6666666666666666,0.5,FEATURES
permutation 9,0.5555555555555556,0.425,0.5,FEATURES
permutation 9,0.7777777777777778,0.2142857142857143,0.5,FEATURES
permutation 9,0.5555555555555556,0.675,0.5,FEATURES
permutation 9,0.6666666666666666,0.6666666666666667,0.5,FEATURES
permutation 9,0.7777777777777778,0.5357142857142857,0.5,FEATURES
permutation 9,0.6666666666666666,0.3214285714285714,0.42857142857142855,FEATURES
permutation 9,0.7777777777777778,1.0,0.875,FEATURES
permutation 9,0.5555555555555556,0.6666666666666667,0.4166666666666667,FEATURES
permutation 9,0.8888888888888888,0.875,0.5,FEATURES
permutation 9,0.6666666666666666,0.38888888888888884,0.5,FEATURES
permutation 9,0.6666666666666666,0.3333333333333333,0.5,FEATURES
permutation 9,0.5555555555555556,0.85,0.5,FEATURES
permutation 9,0.5555555555555556,0.07142857142857145,0.35714285714285715,FEATURES
permutation 9,0.7777777777777778,0.6785714285714286,0.6785714285714286,FEATURES
permutation 10,0.6666666666666666,0.07142857142857145,0.42857142857142855,FEATURES
permutation 10,0.6666666666666666,0.4722222222222222,0.5,FEATURES
permutation 10,0.8888888888888888,0.25,0.5,FEATURES
permutation 10,0.3333333333333333,0.16666666666666669,0.3333333333333333,FEATURES
permutation 10,0.3333333333333333,0.24999999999999997,0.3,FEATURES
permutation 10,0.5555555555555556,0.44999999999999996,0.525,FEATURES
permutation 10,0.6666666666666666,0.7222222222222222,0.6666666666666666,FEATURES
permutation 10,0.8888888888888888,0.125,0.5,FEATURES
permutation 10,0.6666666666666666,0.27777777777777773,0.5,FEATURES
permutation 10,0.8888888888888888,0.0,0.5,FEATURES
permutation 10,0.5555555555555556,0.5555555555555556,0.4166666666666667,FEATURES
permutation 10,0.7777777777777778,0.3571428571428572,0.5,FEATURES
permutation 10,0.6666666666666666,0.47222222222222215,0.5,FEATURES
permutation 10,0.6666666666666666,0.22222222222222224,0.5,FEATURES
permutation 10,0.4444444444444444,0.475,0.5,FEATURES
permutation 10,0.6666666666666666,0.1388888888888889,0.5,FEATURES
permutation 10,0.6666666666666666,0.6666666666666667,0.5,FEATURES
permutation 10,0.8888888888888888,0.125,0.5,FEATURES
permutation 10,0.7777777777777778,0.875,0.4375,FEATURES
permutation 10,0.5555555555555556,0.475,0.5,FEATURES
permutation 10,0.7777777777777778,0.8333333333333333,0.6666666666666666,FEATURES
permutation 10,0.6666666666666666,0.33333333333333326,0.5,FEATURES
permutation 10,0.7777777777777778,0.32142857142857145,0.5,FEATURES
permutation 10,0.6666666666666666,0.41666666666666663,0.5,FEATURES
permutation 10,0.2222222222222222,0.15,0.2,FEATURES
permutation 11,0.6666666666666666,0.7750000000000001,0.625,FEATURES
permutation 11,0.7777777777777778,0.6666666666666666,0.6666666666666666,FEATURES
permutation 11,0.5555555555555556,0.41666666666666663,0.4166666666666667,FEATURES
permutation 11,0.6666666666666666,0.41666666666666663,0.5833333333333334,FEATURES
permutation 11,0.7777777777777778,0.7777777777777779,0.8333333333333333,FEATURES
permutation 11,0.7777777777777778,0.875,0.4375,FEATURES
permutation 11,0.5555555555555556,0.575,0.5,FEATURES
permutation 11,0.6666666666666666,0.75,0.375,FEATURES
permutation 11,0.7777777777777778,0.0625,0.4375,FEATURES
permutation 11,0.6666666666666666,0.611111111111111,0.5,FEATURES
permutation 11,0.7777777777777778,0.8571428571428572,0.6785714285714286,FEATURES
permutation 11,0.7777777777777778,0.7857142857142857,0.5,FEATURES
permutation 11,0.6666666666666666,0.6388888888888888,0.5833333333333334,FEATURES
permutation 11,0.5555555555555556,0.6071428571428572,0.35714285714285715,FEATURES
permutation 11,0.5555555555555556,0.7222222222222222,0.4166666666666667,FEATURES
permutation 11,0.7777777777777778,0.125,0.4375,FEATURES
permutation 11,0.7777777777777778,0.7777777777777778,0.6666666666666666,FEATURES
permutation 11,0.8888888888888888,0.3125,0.5,FEATURES
permutation 11,0.6666666666666666,0.5357142857142857,0.6071428571428572,FEATURES
permutation 11,0.7777777777777778,0.9285714285714286,0.6785714285714286,FEATURES
permutation 11,1.0,1.0,1.0,FEATURES
permutation 11,0.7777777777777778,0.8333333333333334,0.6666666666666666,FEATURES
permutation 11,0.8888888888888888,1.0,0.75,FEATURES
permutation 11,0.7777777777777778,0.5714285714285714,0.5,FEATURES
permutation 11,0.5555555555555556,0.5,0.5,FEATURES
permutation 12,0.6666666666666666,0.125,0.375,FEATURES
permutation 12,0.8888888888888888,0.0,0.5,FEATURES
permutation 12,0.7777777777777778,0.2857142857142857,0.5,FEATURES
permutation 12,0.7777777777777778,0.35714285714285715,0.5,FEATURES
permutation 12,0.5555555555555556,0.4,0.5,FEATURES
permutation 12,0.3333333333333333,0.1875,0.1875,FEATURES
permutation 12,0.8888888888888888,0.9285714285714285,0.9285714285714286,FEATURES
permutation 12,0.6666666666666666,0.27777777777777773,0.5,FEATURES
permutation 12,0.6666666666666666,0.36111111111111105,0.5,FEATURES
permutation 12,0.6666666666666666,0.3055555555555555,0.5,FEATURES
permutation 12,0.4444444444444444,0.4444444444444444,0.3333333333333333,FEATURES
permutation 12,0.7777777777777778,0.3571428571428572,0.5,FEATURES
permutation 12,0.6666666666666666,0.5,0.5,FEATURES
permutation 12,0.6666666666666666,0.49999999999999994,0.5,FEATURES
permutation 12,0.7777777777777778,0.6071428571428571,0.5,FEATURES
permutation 12,0.8888888888888888,0.625,0.5,FEATURES
permutation 12,0.6666666666666666,0.5714285714285714,0.42857142857142855,FEATURES
permutation 12,0.6666666666666666,0.125,0.375,FEATURES
permutation 12,0.5555555555555556,0.4444444444444445,0.4166666666666667,FEATURES
permutation 12,0.6666666666666666,0.33333333333333337,0.5,FEATURES
permutation 12,0.7777777777777778,0.2857142857142857,0.5,FEATURES
permutation 12,0.5555555555555556,0.25,0.5,FEATURES
permutation 12,0.7777777777777778,0.4285714285714286,0.5,FEATURES
permutation 12,0.6666666666666666,0.22222222222222218,0.5,FEATURES
permutation 12,0.3333333333333333,0.41666666666666674,0.5,FEATURES
permutation 13,0.7777777777777778,0.7142857142857143,0.5,FEATURES
permutation 13,0.4444444444444444,0.0,0.2857142857142857,FEATURES
permutation 13,0.7777777777777778,0.0,0.4375,FEATURES
permutation 13,0.6666666666666666,0.0,0.375,FEATURES
permutation 13,0.7777777777777778,0.6944444444444444,0.6666666666666666,FEATURES
permutation 13,0.8888888888888888,0.9375,0.9375,FEATURES
permutation 13,0.7777777777777778,0.125,0.4375,FEATURES
permutation 13,0.7777777777777778,0.9285714285714286,0.5,FEATURES
permutation 13,0.7777777777777778,0.4444444444444444,0.6666666666666666,FEATURES
permutation 13,0.7777777777777778,0.35714285714285715,0.5,FEATURES
permutation 13,0.6666666666666666,0.6388888888888888,0.5,FEATURES
permutation 13,0.6666666666666666,0.75,0.375,FEATURES
permutation 13,0.7777777777777778,0.5714285714285714,0.5,FEATURES
permutation 13,0.8888888888888888,1.0,0.9375,FEATURES
permutation 13,0.4444444444444444,0.475,0.475,FEATURES
permutation 13,0.7777777777777778,0.75,0.5,FEATURES
permutation 13,0.3333333333333333,0.7222222222222222,0.5,FEATURES
permutation 13,0.5555555555555556,0.3055555555555556,0.4166666666666667,FEATURES
permutation 13,0.7777777777777778,0.6785714285714286,0.6785714285714286,FEATURES
permutation 13,0.7777777777777778,0.0,0.5,FEATURES
permutation 13,0.8888888888888888,0.375,0.5,FEATURES
permutation 13,0.6666666666666666,0.6388888888888888,0.5,FEATURES
permutation 13,0.8888888888888888,0.7777777777777778,0.8333333333333333,FEATURES
permutation 13,0.8888888888888888,0.375,0.5,FEATURES
permutation 13,0.4444444444444444,0.4722222222222222,0.5,FEATURES
permutation 14,0.6666666666666666,0.41666666666666663,0.5,FEATURES
permutation 14,0.3333333333333333,0.25,0.25,FEATURES
permutation 14,0.4444444444444444,0.5,0.3333333333333333,FEATURES
permutation 14,0.6666666666666666,0.25,0.5,FEATURES
permutation 14,0.6666666666666666,0.6666666666666667,0.6666666666666666,FEATURES
permutation 14,0.7777777777777778,0.5,0.5,FEATURES
permutation 14,0.6666666666666666,0.5555555555555556,0.5,FEATURES
permutation 14,0.6666666666666666,0.611111111111111,0.5,FEATURES
permutation 14,0.6666666666666666,0.6666666666666666,0.5,FEATURES
permutation 14,0.8888888888888888,0.0,0.5,FEATURES
permutation 14,0.6666666666666666,0.36111111111111105,0.5,FEATURES
permutation 14,0.6666666666666666,0.35714285714285715,0.42857142857142855,FEATURES
permutation 14,0.7777777777777778,0.8571428571428571,0.6785714285714286,FEATURES
permutation 14,0.7777777777777778,1.0,0.5,FEATURES
permutation 14,0.6666666666666666,0.25,0.5,FEATURES
permutation 14,0.7777777777777778,0.7142857142857142,0.6785714285714286,FEATURES
permutation 14,0.6666666666666666,0.6071428571428572,0.42857142857142855,FEATURES
permutation 14,0.5555555555555556,0.45000000000000007,0.5,FEATURES
permutation 14,0.8888888888888888,0.75,0.5,FEATURES
permutation 14,0.6666666666666666,0.75,0.5,FEATURES
permutation 14,0.6666666666666666,0.4444444444444445,0.5,FEATURES
permutation 14,0.6666666666666666,0.9249999999999999,0.625,FEATURES
permutation 14,0.5555555555555556,0.45,0.5,FEATURES
permutation 14,0.5555555555555556,0.5625,0.3125,FEATURES
permutation 14,0.7777777777777778,0.35714285714285715,0.5,FEATURES
permutation 15,0.3333333333333333,0.1944444444444444,0.25,FEATURES
permutation 15,0.6666666666666666,0.0,0.375,FEATURES
permutation 15,0.5555555555555556,0.5,0.35714285714285715,FEATURES
permutation 15,0.6666666666666666,0.6500000000000001,0.65,FEATURES
permutation 15,0.7777777777777778,0.4285714285714286,0.5,FEATURES
permutation 15,0.6666666666666666,0.4166666666666667,0.5,FEATURES
permutation 15,0.7777777777777778,0.6428571428571429,0.5,FEATURES
permutation 15,0.8888888888888888,0.8928571428571429,0.9285714285714286,FEATURES
permutation 15,0.5555555555555556,0.95,0.5,FEATURES
permutation 15,0.6666666666666666,0.5555555555555555,0.5,FEATURES
permutation 15,0.3333333333333333,0.19444444444444442,0.25,FEATURES
permutation 15,0.7777777777777778,0.5833333333333333,0.6666666666666666,FEATURES
permutation 15,0.5555555555555556,0.45,0.5,FEATURES
permutation 15,0.7777777777777778,0.07142857142857145,0.5,FEATURES
permutation 15,0.7777777777777778,0.8214285714285714,0.5,FEATURES
permutation 15,0.7777777777777778,0.4285714285714286,0.5,FEATURES
permutation 15,0.6666666666666666,0.2777777777777778,0.5,FEATURES
permutation 15,0.5555555555555556,0.85,0.5,FEATURES
permutation 15,0.4444444444444444,0.2,0.5,FEATURES
permutation 15,0.7777777777777778,0.4444444444444444,0.6666666666666666,FEATURES
permutation 15,0.6666666666666666,0.3888888888888889,0.5,FEATURES
permutation 15,0.7777777777777778,0.35714285714285715,0.5,FEATURES
permutation 15,0.5555555555555556,0.45,0.5,FEATURES
permutation 15,0.6666666666666666,0.5277777777777778,0.5,FEATURES
permutation 15,0.6666666666666666,0.3055555555555555,0.5,FEATURES
permutation 16,0.7777777777777778,0.4285714285714286,0.5,FEATURES
permutation 16,0.7777777777777778,0.6428571428571428,0.6785714285714286,FEATURES
permutation 16,0.3333333333333333,0.325,0.325,FEATURES
permutation 16,0.6666666666666666,0.33333333333333337,0.5,FEATURES
permutation 16,0.5555555555555556,0.30000000000000004,0.5,FEATURES
permutation 16,0.6666666666666666,0.5555555555555556,0.5,FEATURES
permutation 16,0.6666666666666666,0.41666666666666663,0.5833333333333334,FEATURES
permutation 16,0.5555555555555556,0.7142857142857143,0.7142857142857143,FEATURES
permutation 16,0.6666666666666666,0.2222222222222222,0.5,FEATURES
permutation 16,0.6666666666666666,0.3333333333333333,0.5,FEATURES
permutation 16,0.7777777777777778,0.46428571428571425,0.5,FEATURES
permutation 16,0.8888888888888888,0.9375,0.9375,FEATURES
permutation 16,0.7777777777777778,0.25,0.5,FEATURES
permutation 16,0.4444444444444444,0.975,0.5,FEATURES
permutation 16,0.5555555555555556,0.024999999999999994,0.5,FEATURES
permutation 16,0.6666666666666666,0.3888888888888889,0.5,FEATURES
permutation 16,0.4444444444444444,0.4285714285714286,0.2857142857142857,FEATURES
permutation 16,0.5555555555555556,0.09999999999999998,0.5,FEATURES
permutation 16,0.6666666666666666,0.375,0.375,FEATURES
permutation 16,0.7777777777777778,0.7857142857142857,0.5,FEATURES
permutation 16,0.4444444444444444,0.6000000000000001,0.5,FEATURES
permutation 16,0.7777777777777778,0.5357142857142857,0.5,FEATURES
permutation 16,0.7777777777777778,0.35714285714285715,0.5,FEATURES
permutation 16,0.6666666666666666,0.5,0.5,FEATURES
permutation 16,0.6666666666666666,0.75,0.375,FEATURES
permutation 17,0.6666666666666666,0.7777777777777778,0.5833333333333334,FEATURES
permutation 17,0.7777777777777778,0.75,0.6666666666666666,FEATURES
permutation 17,0.6666666666666666,0.38888888888888884,0.5,FEATURES
permutation 17,0.7777777777777778,0.75,0.4375,FEATURES
permutation 17,0.7777777777777778,0.2857142857142857,0.5,FEATURES
permutation 17,0.5555555555555556,0.41666666666666663,0.4166666666666667,FEATURES
permutation 17,0.8888888888888888,1.0,0.5,FEATURES
permutation 17,0.5555555555555556,0.575,0.5,FEATURES
permutation 17,0.7777777777777778,0.6666666666666666,0.6666666666666666,FEATURES
permutation 17,0.7777777777777778,0.5,0.6785714285714286,FEATURES
permutation 17,0.7777777777777778,0.6428571428571428,0.6785714285714286,FEATURES
permutation 17,0.7777777777777778,0.9285714285714286,0.5,FEATURES
permutation 17,0.8888888888888888,0.8500000000000001,0.875,FEATURES
permutation 17,1.0,1.0,1.0,FEATURES
permutation 17,0.7777777777777778,0.7857142857142857,0.5,FEATURES
permutation 17,0.5555555555555556,0.8500000000000001,0.5,FEATURES
permutation 17,0.4444444444444444,0.25,0.2857142857142857,FEATURES
permutation 17,0.8888888888888888,0.3125,0.5,FEATURES
permutation 17,0.5555555555555556,0.47222222222222215,0.4166666666666667,FEATURES
permutation 17,0.7777777777777778,0.35714285714285715,0.5,FEATURES
permutation 17,0.6666666666666666,0.675,0.675,FEATURES
permutation 17,0.6666666666666666,0.5555555555555556,0.5,FEATURES
permutation 17,0.4444444444444444,0.3611111111111111,0.41666666666666663,FEATURES
permutation 17,0.7777777777777778,0.6428571428571429,0.5,FEATURES
permutation 17,0.7777777777777778,0.6071428571428572,0.5,FEATURES
permutation 18,0.6666666666666666,0.16666666666666666,0.5,FEATURES
permutation 18,0.2222222222222222,0.38888888888888884,0.3333333333333333,FEATURES
permutation 18,0.7777777777777778,0.6071428571428571,0.6785714285714286,FEATURES
permutation 18,0.6666666666666666,0.5277777777777778,0.5,FEATURES
permutation 18,0.7777777777777778,0.8214285714285715,0.5,FEATURES
permutation 18,0.6666666666666666,0.3333333333333333,0.5,FEATURES
permutation 18,0.4444444444444444,0.6250000000000001,0.5,FEATURES
permutation 18,0.7777777777777778,0.5,0.5,FEATURES
permutation 18,0.5555555555555556,0.35714285714285715,0.35714285714285715,FEATURES
permutation 18,0.5555555555555556,0.6875,0.75,FEATURES
permutation 18,0.7777777777777778,0.07142857142857145,0.5,FEATURES
permutation 18,0.5555555555555556,0.4,0.5,FEATURES
permutation 18,0.5555555555555556,0.14285714285714285,0.35714285714285715,FEATURES
permutation 18,0.4444444444444444,0.32499999999999996,0.5,FEATURES
permutation 18,0.1111111111111111,0.13888888888888884,0.08333333333333333,FEATURES
permutation 18,0.5555555555555556,0.35,0.5,FEATURES
permutation 18,0.6666666666666666,0.1785714285714286,0.42857142857142855,FEATURES
permutation 18,0.7777777777777778,0.375,0.4375,FEATURES
permutation 18,0.5555555555555556,0.6071428571428572,0.5357142857142857,FEATURES
permutation 18,0.7777777777777778,0.035714285714285726,0.5,FEATURES
permutation 18,0.4444444444444444,0.24999999999999994,0.3333333333333333,FEATURES
permutation 18,0.2222222222222222,0.125,0.125,FEATURES
permutation 18,0.7777777777777778,0.4285714285714286,0.5,FEATURES
permutation 18,0.6666666666666666,0.3888888888888889,0.5,FEATURES
permutation 18,0.6666666666666666,0.6428571428571429,0.42857142857142855,FEATURES
permutation 19,0.4444444444444444,0.4166666666666667,0.3333333333333333,FEATURES
permutation 19,0.6666666666666666,0.41666666666666663,0.5,FEATURES
permutation 19,0.7777777777777778,0.125,0.4375,FEATURES
permutation 19,0.8888888888888888,0.0,0.5,FEATURES
permutation 19,0.5555555555555556,0.625,0.3125,FEATURES
permutation 19,0.6666666666666666,0.3611111111111111,0.5,FEATURES
permutation 19,0.3333333333333333,0.4444444444444445,0.3333333333333333,FEATURES
permutation 19,0.5555555555555556,0.5499999999999999,0.55,FEATURES
permutation 19,0.6666666666666666,0.3333333333333333,0.5,FEATURES
permutation 19,0.4444444444444444,0.33333333333333337,0.3333333333333333,FEATURES
permutation 19,0.6666666666666666,0.0625,0.375,FEATURES
permutation 19,0.5555555555555556,0.5,0.5,FEATURES
permutation 19,0.7777777777777778,0.5357142857142857,0.5,FEATURES
permutation 19,0.8888888888888888,0.125,0.5,FEATURES
permutation 19,0.8888888888888888,1.0,0.75,FEATURES
permutation 19,0.6666666666666666,0.7857142857142857,0.7857142857142857,FEATURES
permutation 19,0.8888888888888888,0.7499999999999999,0.75,FEATURES
permutation 19,0.3333333333333333,0.07500000000000001,0.375,FEATURES
permutation 19,0.8888888888888888,0.25,0.5,FEATURES
permutation 19,0.6666666666666666,0.2222222222222222,0.5,FEATURES
permutation 19,0.7777777777777778,0.375,0.4375,FEATURES
permutation 19,0.7777777777777778,0.75,0.75,FEATURES
permutation 19,0.7777777777777778,0.5714285714285714,0.5,FEATURES
permutation 19,0.6666666666666666,0.5,0.42857142857142855,FEATURES
permutation 19,0.7777777777777778,0.14285714285714285,0.5,FEATURES
permutation 20,0.5555555555555556,0.3333333333333333,0.4166666666666667,FEATURES
permutation 20,0.6666666666666666,0.7142857142857143,0.42857142857142855,FEATURES
permutation 20,0.5555555555555556,0.7,0.5,FEATURES
permutation 20,0.4444444444444444,0.24999999999999997,0.3333333333333333,FEATURES
permutation 20,0.6666666666666666,0.7142857142857143,0.6071428571428572,FEATURES
permutation 20,0.5555555555555556,0.65,0.5,FEATURES
permutation 20,0.5555555555555556,0.3928571428571429,0.35714285714285715,FEATURES
permutation 20,0.3333333333333333,0.11111111111111108,0.25,FEATURES
permutation 20,0.7777777777777778,0.375,0.4375,FEATURES
permutation 20,0.5555555555555556,0.6428571428571428,0.35714285714285715,FEATURES
permutation 20,0.4444444444444444,0.525,0.5,FEATURES
permutation 20,0.7777777777777778,0.4642857142857143,0.5,FEATURES
permutation 20,0.6666666666666666,0.5,0.5,FEATURES
permutation 20,0.6666666666666666,0.6666666666666667,0.5,FEATURES
permutation 20,0.6666666666666666,0.28571428571428575,0.42857142857142855,FEATURES
permutation 20,0.7777777777777778,0.9285714285714285,0.5,FEATURES
permutation 20,0.5555555555555556,0.375,0.6,FEATURES
permutation 20,0.6666666666666666,0.75,0.75,FEATURES
permutation 20,0.7777777777777778,0.8571428571428571,0.6785714285714286,FEATURES
permutation 20,0.6666666666666666,0.5714285714285714,0.42857142857142855,FEATURES
permutation 20,0.8888888888888888,1.0,0.5,FEATURES
permutation 20,0.5555555555555556,0.0,0.35714285714285715,FEATURES
permutation 20,0.5555555555555556,0.625,0.525,FEATURES
permutation 20,0.7777777777777778,0.8214285714285714,0.5,FEATURES
permutation 20,0.6666666666666666,0.9722222222222222,0.5,FEATURES
permutation 21,0.6666666666666666,0.5,0.5,FEATURES
permutation 21,0.7777777777777778,0.6944444444444444,0.6666666666666666,FEATURES
permutation 21,0.7777777777777778,0.888888888888889,0.6666666666666666,FEATURES
permutation 21,0.4444444444444444,0.5833333333333334,0.3333333333333333,FEATURES
permutation 21,0.7777777777777778,0.7142857142857142,0.5,FEATURES
permutation 21,0.4444444444444444,0.6875,0.6875,FEATURES
permutation 21,0.5555555555555556,0.6,0.5,FEATURES
permutation 21,0.5555555555555556,0.42500000000000004,0.5,FEATURES
permutation 21,0.7777777777777778,0.8928571428571428,0.5,FEATURES
permutation 21,0.7777777777777778,0.5,0.4375,FEATURES
permutation 21,0.6666666666666666,0.75,0.6071428571428572,FEATURES
permutation 21,0.8888888888888888,0.3125,0.5,FEATURES
permutation 21,0.5555555555555556,0.22499999999999998,0.5,FEATURES
permutation 21,0.6666666666666666,0.5,0.5,FEATURES
permutation 21,0.7777777777777778,0.8928571428571428,0.5,FEATURES
permutation 21,0.6666666666666666,0.4722222222222222,0.5,FEATURES
permutation 21,0.3333333333333333,0.1785714285714286,0.21428571428571427,FEATURES
permutation 21,0.3333333333333333,0.35,0.35,FEATURES
permutation 21,0.5555555555555556,0.55,0.5,FEATURES
permutation 21,0.7777777777777778,0.8571428571428572,0.8571428571428572,FEATURES
permutation 21,0.5555555555555556,0.6428571428571429,0.5357142857142857,FEATURES
permutation 21,0.4444444444444444,0.725,0.5,FEATURES
permutation 21,0.4444444444444444,0.25,0.25,FEATURES
permutation 21,0.7777777777777778,0.6875,0.4375,FEATURES
permutation 21,0.6666666666666666,0.5,0.375,FEATURES
permutation 22,0.7777777777777778,0.888888888888889,0.75,FEATURES
permutation 22,0.5555555555555556,0.125,0.3125,FEATURES
permutation 22,0.7777777777777778,0.625,0.4375,FEATURES
permutation 22,0.5555555555555556,0.5714285714285714,0.5357142857142857,FEATURES
permutation 22,0.5555555555555556,0.6111111111111112,0.5,FEATURES
permutation 22,0.6666666666666666,0.6666666666666667,0.5,FEATURES
permutation 22,0.6666666666666666,0.8125,0.8125,FEATURES
permutation 22,0.4444444444444444,0.35000000000000003,0.4,FEATURES
permutation 22,0.7777777777777778,0.875,0.875,FEATURES
permutation 22,0.2222222222222222,0.22222222222222224,0.16666666666666666,FEATURES
permutation 22,0.8888888888888888,0.9375,0.9375,FEATURES
permutation 22,0.5555555555555556,0.25,0.35714285714285715,FEATURES
permutation 22,0.6666666666666666,0.375,0.375,FEATURES
permutation 22,0.6666666666666666,0.4444444444444444,0.5,FEATURES
permutation 22,0.7777777777777778,0.5714285714285714,0.5,FEATURES
permutation 22,0.5555555555555556,0.6666666666666667,0.4166666666666667,FEATURES
permutation 22,0.6666666666666666,0.8571428571428572,0.42857142857142855,FEATURES
permutation 22,0.6666666666666666,0.5625,0.375,FEATURES
permutation 22,0.4444444444444444,0.5,0.45,FEATURES
permutation 22,0.8888888888888888,0.8333333333333333,0.8333333333333333,FEATURES
permutation 22,0.8888888888888888,0.375,0.5,FEATURES
permutation 22,0.7777777777777778,0.8214285714285715,0.5,FEATURES
permutation 22,0.7777777777777778,0.75,0.5,FEATURES
permutation 22,1.0,1.0,1.0,FEATURES
permutation 22,0.5555555555555556,0.4722222222222222,0.4166666666666667,FEATURES
permutation 23,0.6666666666666666,0.5,0.42857142857142855,FEATURES
permutation 23,0.7777777777777778,0.8571428571428572,0.6785714285714286,FEATURES
permutation 23,0.5555555555555556,0.25,0.4166666666666667,FEATURES
permutation 23,0.6666666666666666,0.6111111111111112,0.5833333333333334,FEATURES
permutation 23,0.6666666666666666,0.5714285714285714,0.42857142857142855,FEATURES
permutation 23,0.4444444444444444,0.5714285714285714,0.2857142857142857,FEATURES
permutation 23,0.6666666666666666,0.5,0.42857142857142855,FEATURES
permutation 23,0.6666666666666666,0.8214285714285714,0.7857142857142857,FEATURES
permutation 23,0.6666666666666666,0.5,0.375,FEATURES
permutation 23,0.5555555555555556,0.5555555555555556,0.5,FEATURES
permutation 23,0.6666666666666666,0.6,0.625,FEATURES
permutation 23,0.5555555555555556,0.8,0.6,FEATURES
permutation 23,0.7777777777777778,1.0,0.875,FEATURES
permutation 23,0.7777777777777778,0.6428571428571428,0.6785714285714286,FEATURES
permutation 23,0.6666666666666666,0.4375,0.375,FEATURES
permutation 23,0.6666666666666666,0.9500000000000001,0.625,FEATURES
permutation 23,0.6666666666666666,0.6666666666666666,0.5,FEATURES
permutation 23,0.6666666666666666,0.8571428571428572,0.6071428571428572,FEATURES
permutation 23,0.8888888888888888,1.0,0.75,FEATURES
permutation 23,0.6666666666666666,0.75,0.5833333333333334,FEATURES
permutation 23,0.5555555555555556,0.6,0.5,FEATURES
permutation 23,0.6666666666666666,0.8611111111111112,0.5833333333333334,FEATURES
permutation 23,0.6666666666666666,0.6666666666666667,0.6666666666666666,FEATURES
permutation 23,0.7777777777777778,0.7142857142857143,0.5,FEATURES
permutation 23,0.5555555555555556,1.0,0.5,FEATURES
permutation 24,0.5555555555555556,0.6071428571428572,0.35714285714285715,FEATURES
permutation 24,0.5555555555555556,0.47222222222222227,0.4166666666666667,FEATURES
permutation 24,0.6666666666666666,0.8055555555555556,0.5,FEATURES
permutation 24,0.7777777777777778,0.5,0.5,FEATURES
permutation 24,0.6666666666666666,0.5,0.5,FEATURES
permutation 24,0.5555555555555556,0.1,0.5,FEATURES
permutation 24,0.6666666666666666,0.5357142857142857,0.42857142857142855,FEATURES
permutation 24,0.6666666666666666,0.9166666666666666,0.5,FEATURES
permutation 24,0.7777777777777778,0.35714285714285715,0.5,FEATURES
permutation 24,0.8888888888888888,0.0625,0.5,FEATURES
permutation 24,0.7777777777777778,0.5,0.5,FEATURES
permutation 24,0.5555555555555556,0.17857142857142858,0.35714285714285715,FEATURES
permutation 24,0.3333333333333333,0.1388888888888889,0.3333333333333333,FEATURES
permutation 24,0.6666666666666666,0.4642857142857143,0.42857142857142855,FEATURES
permutation 24,0.5555555555555556,0.4444444444444444,0.4166666666666667,FEATURES
permutation 24,0.6666666666666666,0.24999999999999994,0.5,FEATURES
permutation 24,0.5555555555555556,0.7000000000000001,0.5,FEATURES
permutation 24,0.7777777777777778,0.4642857142857143,0.5,FEATURES
permutation 24,0.6666666666666666,0.4166666666666667,0.5,FEATURES
permutation 24,0.5555555555555556,0.07142857142857145,0.35714285714285715,FEATURES
permutation 24,0.5555555555555556,0.4166666666666667,0.4166666666666667,FEATURES
permutation 24,0.3333333333333333,0.11111111111111112,0.25,FEATURES
permutation 24,0.5555555555555556,0.6785714285714286,0.5357142857142857,FEATURES
permutation 24,0.8888888888888888,0.625,0.5,FEATURES
permutation 24,0.5555555555555556,0.4166666666666667,0.4166666666666667,FEATURES
